3.476000 0.472000 
3.397000 0.467000 
3.396000 0.466000 
3.394000 0.466000 
3.394000 0.467000 
3.398000 0.467000 
3.394000 0.466000 
3.396000 0.466000 
3.394000 0.467000 
3.392000 0.467000 
3.395000 0.466000 
3.394000 0.467000 
3.413000 0.467000 
3.397000 0.467000 
3.404000 0.467000 
3.399000 0.484000 
3.398000 0.467000 
3.393000 0.466000 
3.393000 0.466000 
3.401000 0.468000 
3.401000 0.467000 
3.395000 0.466000 
3.395000 0.466000 
3.393000 0.467000 
3.394000 0.466000 
3.393000 0.469000 
3.411000 0.468000 
3.439000 0.471000 
3.414000 0.473000 
3.407000 0.466000 
3.399000 0.466000 
3.399000 0.467000 
3.398000 0.468000 
3.393000 0.466000 
3.430000 0.480000 
3.422000 0.473000 
3.425000 0.468000 
3.403000 0.468000 
4.974000 0.475000 
3.422000 0.467000 
3.395000 0.466000 
3.404000 0.466000 
3.392000 0.466000 
3.393000 0.466000 
3.397000 0.467000 
3.394000 0.469000 
3.395000 0.466000 
3.392000 0.466000 
3.394000 0.467000 
3.393000 0.469000 
