5.668000 0.355000 
5.608000 0.354000 
5.604000 0.352000 
5.606000 0.358000 
5.604000 0.353000 
5.608000 0.354000 
5.607000 0.353000 
5.604000 0.352000 
5.602000 0.353000 
5.627000 0.363000 
5.633000 0.361000 
5.619000 0.354000 
5.604000 0.352000 
5.625000 0.358000 
5.604000 0.352000 
5.607000 0.352000 
5.606000 0.353000 
5.608000 0.359000 
5.619000 0.352000 
5.606000 0.354000 
5.615000 0.353000 
5.605000 0.352000 
5.603000 0.352000 
5.603000 0.354000 
5.607000 0.354000 
5.634000 0.352000 
5.607000 0.354000 
5.606000 0.353000 
5.605000 0.353000 
5.606000 0.352000 
5.620000 0.378000 
5.618000 0.353000 
3.697000 0.152000 
2.634000 0.153000 
2.632000 0.152000 
2.632000 0.152000 
2.628000 0.152000 
2.628000 0.151000 
2.640000 0.152000 
2.629000 0.152000 
2.627000 0.151000 
2.627000 0.152000 
2.626000 0.151000 
2.632000 0.151000 
2.631000 0.153000 
2.631000 0.151000 
2.630000 0.151000 
2.631000 0.152000 
2.631000 0.151000 
2.642000 0.159000 
2.651000 0.157000 
2.649000 0.155000 
2.653000 0.153000 
2.649000 0.157000 
2.638000 0.152000 
2.629000 0.155000 
2.631000 0.151000 
2.627000 0.151000 
2.628000 0.151000 
2.629000 0.152000 
2.628000 0.164000 
2.629000 0.151000 
2.625000 0.150000 
2.627000 0.152000 
3.258000 0.160000 
3.040000 0.152000 
2.629000 0.152000 
2.629000 0.150000 
2.627000 0.151000 
2.625000 0.150000 
2.607000 0.150000 
2.608000 0.150000 
2.607000 0.150000 
2.607000 0.150000 
2.607000 0.151000 
2.607000 0.150000 
2.606000 0.150000 
2.612000 0.151000 
2.608000 0.149000 
2.608000 0.150000 
2.607000 0.149000 
2.610000 0.150000 
2.607000 0.149000 
2.607000 0.155000 
2.607000 0.150000 
2.611000 0.149000 
2.623000 0.150000 
2.607000 0.149000 
2.608000 0.149000 
2.612000 0.150000 
2.608000 0.150000 
2.606000 0.150000 
2.608000 0.149000 
2.608000 0.150000 
2.607000 0.149000 
2.606000 0.149000 
2.608000 0.150000 
2.608000 0.151000 
2.631000 0.151000 
2.611000 0.150000 
2.622000 0.255000 
2.613000 0.150000 
2.607000 0.150000 
2.611000 0.150000 
2.622000 0.144000 
2.369000 0.135000 
2.353000 0.138000 
2.352000 0.135000 
2.353000 0.136000 
2.354000 0.141000 
2.355000 0.135000 
2.355000 0.139000 
2.355000 0.136000 
2.354000 0.135000 
2.356000 0.137000 
2.353000 0.135000 
2.355000 0.136000 
2.354000 0.135000 
2.353000 0.136000 
2.354000 0.135000 
2.356000 0.136000 
2.367000 0.135000 
2.361000 0.137000 
2.356000 0.136000 
2.356000 0.137000 
2.355000 0.136000 
2.356000 0.135000 
2.359000 0.138000 
2.365000 0.136000 
2.357000 0.135000 
2.356000 0.136000 
2.355000 0.136000 
2.355000 0.136000 
2.358000 0.135000 
2.356000 0.136000 
2.356000 0.135000 
2.356000 0.135000 
2.358000 0.135000 
2.355000 0.135000 
2.355000 0.136000 
2.373000 0.136000 
2.354000 0.136000 
2.356000 0.136000 
2.357000 0.137000 
2.360000 0.136000 
2.359000 0.134000 
2.341000 0.134000 
2.340000 0.137000 
2.363000 0.147000 
2.343000 0.134000 
2.342000 0.135000 
2.343000 0.136000 
2.342000 0.134000 
2.343000 0.134000 
2.342000 0.135000 
2.341000 0.134000 
2.341000 0.136000 
2.341000 0.134000 
2.343000 0.135000 
2.342000 0.137000 
2.342000 0.134000 
2.350000 0.135000 
2.341000 0.134000 
2.341000 0.134000 
2.339000 0.134000 
2.342000 0.134000 
2.340000 0.134000 
2.345000 0.137000 
2.340000 0.134000 
2.342000 0.135000 
2.340000 0.134000 
2.341000 0.134000 
2.341000 0.142000 
2.341000 0.135000 
2.344000 0.136000 
2.345000 0.135000 
2.342000 0.134000 
2.341000 0.135000 
2.346000 0.135000 
2.340000 0.134000 
2.351000 0.143000 
2.372000 0.144000 
2.365000 0.135000 
2.344000 0.135000 
2.342000 0.134000 
2.340000 0.136000 
2.341000 0.135000 
2.342000 0.135000 
2.339000 0.135000 
2.339000 0.134000 
2.356000 0.134000 
2.341000 0.134000 
2.340000 0.134000 
2.343000 0.135000 
2.340000 0.134000 
2.399000 0.142000 
2.354000 0.137000 
2.345000 0.136000 
2.372000 0.141000 
2.361000 0.138000 
