2.361000 0.475000 
2.014000 0.467000 
2.004000 0.466000 
2.005000 0.467000 
2.002000 0.466000 
2.002000 0.467000 
2.001000 0.467000 
2.000000 0.467000 
1.994000 0.467000 
1.993000 0.467000 
2.000000 0.467000 
2.005000 0.466000 
1.994000 0.466000 
1.994000 0.467000 
1.993000 0.467000 
2.035000 0.469000 
2.010000 0.466000 
1.995000 0.466000 
2.067000 0.467000 
2.007000 0.466000 
1.997000 0.466000 
2.030000 0.477000 
2.013000 0.468000 
1.999000 0.467000 
2.000000 0.467000 
1.994000 0.466000 
1.992000 0.467000 
1.988000 0.471000 
1.993000 0.466000 
1.995000 0.466000 
1.995000 0.467000 
1.996000 0.466000 
1.994000 0.467000 
1.994000 0.467000 
1.994000 0.467000 
1.996000 0.466000 
2.003000 0.467000 
2.002000 0.466000 
2.120000 0.486000 
2.035000 0.467000 
2.002000 0.466000 
1.995000 0.467000 
1.993000 0.467000 
1.993000 0.466000 
1.996000 0.467000 
1.996000 0.467000 
1.994000 0.466000 
1.995000 0.475000 
2.004000 0.468000 
2.000000 0.467000 
