9.782000 5.062000 
12.697000 7.865000 
12.453000 5.199000 
9.656000 4.815000 
9.563000 4.916000 
11.414000 4.834000 
9.559000 4.798000 
9.554000 4.792000 
9.515000 4.803000 
9.601000 4.811000 
9.564000 4.816000 
9.607000 4.860000 
9.783000 4.818000 
9.545000 4.808000 
9.870000 4.869000 
10.195000 4.817000 
10.103000 5.147000 
9.844000 5.051000 
9.692000 4.963000 
11.762000 5.070000 
9.618000 4.852000 
9.574000 5.901000 
10.022000 4.795000 
9.918000 4.875000 
9.521000 4.795000 
9.605000 5.052000 
9.781000 4.803000 
9.602000 4.810000 
9.522000 4.806000 
9.627000 4.917000 
9.937000 4.800000 
9.541000 4.803000 
9.723000 4.802000 
9.583000 4.796000 
9.530000 4.816000 
9.611000 4.811000 
9.567000 4.790000 
9.750000 4.828000 
9.629000 4.808000 
11.207000 5.015000 
9.586000 4.808000 
9.523000 4.805000 
9.518000 4.853000 
10.386000 4.800000 
9.638000 4.876000 
12.395000 7.075000 
11.596000 4.947000 
10.096000 4.937000 
13.575000 4.912000 
9.958000 4.918000 
9.831000 4.979000 
9.834000 4.899000 
9.910000 4.916000 
13.845000 7.649000 
13.090000 5.981000 
10.970000 4.796000 
9.568000 4.852000 
9.874000 4.797000 
11.692000 4.860000 
11.263000 4.863000 
9.526000 4.812000 
9.553000 4.887000 
10.605000 5.201000 
9.546000 4.800000 
9.632000 5.076000 
9.570000 4.799000 
10.182000 4.912000 
11.423000 6.462000 
13.920000 4.968000 
9.611000 4.798000 
9.823000 4.879000 
9.776000 4.869000 
9.498000 4.905000 
9.558000 4.829000 
9.566000 4.803000 
9.504000 4.839000 
9.574000 4.801000 
9.511000 4.849000 
11.464000 4.877000 
9.529000 4.839000 
9.541000 4.855000 
9.734000 4.992000 
13.090000 6.687000 
9.607000 4.856000 
9.581000 5.173000 
9.858000 4.923000 
9.545000 4.845000 
9.646000 4.912000 
9.597000 5.105000 
9.691000 4.986000 
9.557000 4.919000 
9.780000 4.871000 
9.616000 4.827000 
9.526000 4.841000 
9.566000 4.843000 
9.548000 4.883000 
9.592000 4.840000 
9.539000 4.838000 
11.301000 4.901000 
9.548000 4.845000 
9.520000 4.876000 
9.528000 4.893000 
10.334000 5.063000 
9.547000 4.956000 
10.344000 5.996000 
9.893000 4.847000 
9.530000 4.836000 
9.827000 6.613000 
10.862000 4.960000 
9.844000 4.955000 
9.975000 5.140000 
9.851000 5.111000 
10.013000 4.939000 
9.817000 4.963000 
9.976000 4.862000 
9.616000 4.851000 
9.541000 4.861000 
9.541000 4.852000 
11.085000 5.314000 
9.594000 4.883000 
9.758000 4.829000 
9.561000 4.826000 
9.617000 4.857000 
9.643000 4.860000 
9.540000 4.870000 
10.020000 4.866000 
10.239000 5.035000 
9.572000 4.859000 
9.546000 5.764000 
10.775000 4.852000 
9.535000 4.864000 
9.600000 5.038000 
9.910000 4.961000 
9.619000 4.878000 
9.553000 4.892000 
9.606000 7.050000 
12.791000 4.924000 
9.573000 4.886000 
10.365000 5.967000 
9.613000 4.891000 
9.566000 4.904000 
9.546000 4.904000 
9.662000 4.942000 
10.423000 5.665000 
9.592000 4.890000 
10.694000 6.376000 
9.595000 4.901000 
9.536000 4.886000 
9.914000 4.940000 
9.596000 4.890000 
9.544000 4.922000 
9.581000 6.077000 
11.075000 5.022000 
9.658000 4.897000 
9.712000 5.096000 
9.573000 5.119000 
9.610000 4.896000 
9.630000 4.900000 
9.595000 6.745000 
9.725000 4.906000 
9.579000 4.937000 
9.564000 4.922000 
9.647000 5.009000 
9.559000 4.942000 
9.564000 4.993000 
9.898000 4.908000 
9.658000 4.896000 
9.603000 4.889000 
9.561000 4.886000 
9.604000 5.012000 
9.669000 5.274000 
10.642000 4.920000 
9.751000 4.891000 
9.547000 4.930000 
9.743000 4.886000 
9.580000 4.880000 
9.577000 4.904000 
9.567000 5.086000 
9.560000 4.891000 
11.667000 4.910000 
9.542000 4.889000 
9.546000 4.876000 
10.177000 4.905000 
9.724000 4.919000 
9.520000 4.901000 
10.497000 5.157000 
9.559000 5.299000 
11.349000 4.907000 
9.642000 4.887000 
9.658000 5.061000 
9.576000 4.894000 
9.557000 4.894000 
9.772000 4.907000 
10.250000 4.973000 
9.573000 5.037000 
9.544000 4.891000 
9.969000 4.922000 
9.541000 4.889000 
9.572000 4.939000 
11.434000 4.959000 
