7.759000 3.867000 
7.721000 3.921000 
11.029000 6.280000 
9.140000 3.906000 
7.891000 3.909000 
8.010000 5.704000 
8.244000 4.950000 
8.797000 3.910000 
8.062000 3.961000 
7.923000 3.892000 
7.913000 3.897000 
7.675000 3.844000 
7.653000 3.823000 
7.605000 3.828000 
7.629000 3.828000 
7.888000 3.870000 
7.660000 3.883000 
7.723000 3.823000 
7.599000 3.839000 
7.646000 3.835000 
7.655000 3.823000 
7.636000 3.829000 
7.646000 3.843000 
7.803000 3.824000 
9.996000 3.857000 
8.532000 4.050000 
7.792000 3.828000 
7.607000 3.831000 
7.622000 3.850000 
7.900000 3.832000 
7.616000 3.843000 
7.652000 3.832000 
7.987000 3.843000 
7.611000 3.823000 
8.596000 3.838000 
7.607000 3.828000 
7.773000 3.847000 
8.176000 4.791000 
7.720000 3.834000 
8.344000 3.852000 
11.222000 5.654000 
8.016000 3.833000 
7.705000 3.840000 
7.649000 3.822000 
7.672000 3.825000 
7.606000 3.827000 
8.090000 3.858000 
7.712000 3.844000 
7.617000 3.828000 
9.932000 3.848000 
