3.663000 0.355000 
2.901000 0.353000 
2.898000 0.352000 
2.896000 0.352000 
2.897000 0.353000 
2.908000 0.353000 
2.904000 0.352000 
2.897000 0.352000 
2.897000 0.353000 
2.897000 0.352000 
2.900000 0.352000 
2.905000 0.352000 
2.901000 0.353000 
3.461000 0.354000 
2.910000 0.353000 
2.897000 0.352000 
2.898000 0.353000 
2.960000 0.356000 
2.954000 0.353000 
2.925000 0.352000 
2.902000 0.353000 
2.898000 0.352000 
2.896000 0.352000 
2.896000 0.352000 
2.897000 0.352000 
2.897000 0.352000 
2.896000 0.351000 
2.897000 0.354000 
2.915000 0.353000 
2.914000 0.354000 
2.904000 0.352000 
2.898000 0.353000 
2.896000 0.353000 
2.900000 0.353000 
2.897000 0.352000 
2.900000 0.352000 
2.902000 0.352000 
2.895000 0.352000 
2.899000 0.352000 
2.896000 0.352000 
2.895000 0.352000 
2.141000 0.219000 
1.998000 0.219000 
1.988000 0.219000 
1.993000 0.219000 
1.984000 0.219000 
2.008000 0.220000 
1.986000 0.218000 
1.986000 0.219000 
1.984000 0.218000 
1.987000 0.219000 
1.985000 0.218000 
1.984000 0.219000 
1.985000 0.219000 
1.984000 0.219000 
1.984000 0.218000 
1.984000 0.218000 
1.990000 0.224000 
1.991000 0.219000 
1.983000 0.219000 
1.984000 0.218000 
1.985000 0.219000 
1.986000 0.219000 
1.993000 0.219000 
1.984000 0.219000 
1.986000 0.219000 
1.993000 0.223000 
1.984000 0.225000 
1.985000 0.218000 
1.987000 0.219000 
1.988000 0.219000 
1.985000 0.220000 
1.987000 0.218000 
1.986000 0.218000 
1.984000 0.219000 
1.991000 0.218000 
1.984000 0.219000 
1.984000 0.226000 
1.983000 0.231000 
1.984000 0.222000 
1.985000 0.224000 
1.983000 0.223000 
1.983000 0.223000 
1.983000 0.223000 
1.983000 0.223000 
1.981000 0.223000 
1.992000 0.223000 
1.985000 0.222000 
1.984000 0.224000 
1.985000 0.224000 
1.983000 0.224000 
2.042000 0.225000 
2.042000 0.783000 
2.021000 0.226000 
2.018000 0.223000 
1.986000 0.223000 
1.985000 0.223000 
1.989000 0.222000 
1.990000 0.232000 
1.985000 0.222000 
1.989000 0.223000 
2.042000 0.224000 
2.031000 0.224000 
2.026000 0.225000 
2.008000 0.224000 
2.003000 0.234000 
1.991000 0.223000 
1.985000 0.223000 
1.982000 0.222000 
1.984000 0.222000 
1.982000 0.224000 
2.018000 0.224000 
2.010000 0.225000 
1.988000 0.223000 
1.991000 0.224000 
1.986000 0.222000 
1.984000 0.222000 
1.984000 0.223000 
1.982000 0.223000 
1.985000 0.223000 
1.984000 0.224000 
1.983000 0.223000 
2.003000 0.224000 
1.994000 0.232000 
1.987000 0.223000 
1.988000 0.223000 
1.983000 0.223000 
1.984000 0.223000 
1.982000 0.224000 
1.984000 0.223000 
2.009000 0.231000 
1.647000 0.144000 
1.331000 0.143000 
1.229000 0.142000 
1.224000 0.142000 
1.221000 0.142000 
1.220000 0.143000 
1.220000 0.142000 
1.225000 0.142000 
1.240000 0.145000 
1.255000 0.144000 
1.224000 0.142000 
1.221000 0.145000 
1.222000 0.142000 
1.221000 0.142000 
1.221000 0.143000 
1.228000 0.143000 
1.222000 0.142000 
1.225000 0.142000 
1.222000 0.142000 
1.221000 0.142000 
1.222000 0.142000 
1.220000 0.143000 
1.219000 0.142000 
1.220000 0.142000 
1.224000 0.142000 
1.225000 0.142000 
1.226000 0.143000 
1.219000 0.142000 
1.220000 0.142000 
1.222000 0.143000 
1.262000 0.145000 
1.244000 0.143000 
1.227000 0.142000 
1.224000 0.142000 
1.222000 0.142000 
1.221000 0.143000 
1.220000 0.142000 
1.219000 0.143000 
1.220000 0.142000 
1.219000 0.142000 
1.221000 0.144000 
1.229000 0.142000 
1.220000 0.142000 
1.222000 0.143000 
1.220000 0.142000 
1.219000 0.143000 
1.223000 0.143000 
1.219000 0.141000 
1.220000 0.142000 
1.223000 0.142000 
1.222000 0.143000 
1.230000 0.142000 
1.220000 0.142000 
1.220000 0.142000 
1.220000 0.144000 
1.219000 0.142000 
1.221000 0.142000 
1.219000 0.142000 
1.222000 0.142000 
1.244000 0.144000 
1.257000 0.143000 
1.256000 0.144000 
1.265000 0.144000 
1.249000 0.144000 
1.255000 0.144000 
1.259000 0.144000 
1.246000 0.144000 
1.266000 0.145000 
1.254000 0.142000 
