-8.4712,12.115,1
-8.3689,11.693,1
-7.3276,12.521,1
-10.897,6.7149,1
-8.0705,11.932,1
-4.6619,6.4281,1
-4.0728,11.667,1
-10.085,5.6956,1
-11.239,6.8067,1
-8.396,11.527,1
-7.7081,12.031,1
-6.9062,9.0501,1
-7.4698,12.639,1
-5.4576,7.3945,1
-10.178,8.36,1
-10.336,8.1164,1
-10.784,6.0814,1
-10.829,8.7624,1
-4.9757,6.677,1
-8.9548,12.449,1
-6.2541,12.062,1
-7.8772,12.506,1
-7.1389,9.6644,1
-10.909,7.0052,1
-4.6303,6.6156,1
-6.5314,7.2633,1
-9.6443,4.8022,1
-10.381,8.3204,1
-11.169,6.7344,1
-3.4259,11.335,1
-11.119,6.7078,1
-7.8756,10.468,1
-7.4396,12.743,1
-6.1882,12.193,1
-10.694,8.2106,1
-10.231,8.0756,1
-9.0533,8.1448,1
-11.398,7.5752,1
-4.3646,11.608,1
-5.8583,12.028,1
-10.698,7.8308,1
-8.8643,8.2758,1
-10.493,8.2694,1
-9.5886,4.7566,1
-8.2014,10.671,1
-8.649,8.1996,1
-3.7577,11.559,1
-2.7488,10.942,1
-10.92,8.4248,1
-6.9593,12.198,1
-11.84,8.5201,1
-8.0711,10.458,1
-8.6495,12.05,1
-6.2828,8.3036,1
-7.5585,12.254,1
-3.6902,11.412,1
-8.3901,11.919,1
-6.1048,12.444,1
-11.027,6.4402,1
-10.779,8.349,1
-11.357,7.5689,1
-10.612,7.148,1
-6.7175,12.511,1
-5.7736,6.9079,1
-11.776,8.1131,1
-10.975,8.1192,1
-7.8842,2.8882,1
-5.2832,7.405,1
-6.6465,8.6858,1
-8.1832,12.506,1
-9.745,8.4751,1
-4.1007,11.675,1
-5.4753,7.3318,1
-4.3811,11.612,1
-7.741,12.787,1
-7.1045,9.1245,1
-11.778,7.5757,1
-11.772,8.5914,1
-6.7526,12.498,1
-11.442,6.9892,1
-9.1804,4.288,1
-11.195,8.4365,1
-10.66,6.1472,1
-9.1352,8.3949,1
-6.557,7.2696,1
-2.5987,10.921,1
-11.797,8.1517,1
-6.4448,12.074,1
-9.0882,4.0643,1
-8.4165,7.982,1
-7.2337,12.139,1
-5.4214,11.97,1
-7.7047,10.238,1
-8.3,11.543,1
-5.5645,12.287,1
-8.7636,3.8209,1
-10.719,6.3086,1
-8.0407,10.633,1
-6.5348,8.4905,1
-11.025,8.1645,1
-8.4279,11.235,1
-3.2905,11.258,1
-7.1297,9.1642,1
-8.6016,3.5547,1
-11.296,8.6652,1
-6.3032,8.07,1
-9.3158,8.208,1
-8.4101,8.139,1
-11.232,7.4199,1
-11.084,7.6403,1
-9.7653,8.4922,1
-5.7225,7.6584,1
-6.4349,8.5345,1
-6.2747,12.075,1
-7.929,12.948,1
-11.074,6.8155,1
-6.8192,7.3578,1
-7.0525,7.6443,1
-6.385,8.1586,1
-11.311,7.0365,1
-11.241,7.1725,1
-2.7592,11.063,1
-2.0928,10.707,1
-6.7148,7.44,1
-7.1403,9.3845,1
-8.0008,2.7949,1
-10.174,8.7595,1
-8.4949,3.4216,1
-8.5562,3.2795,1
-8.6286,11.959,1
-11.616,8.1973,1
-5.7947,7.7309,1
-4.491,6.68,1
-11.373,6.9728,1
-11.001,7.2011,1
-7.7985,11.228,1
-7.927,2.7901,1
-8.7164,12.694,1
-4.238,11.815,1
-7.2853,11.998,1
-5.4446,7.3087,1
-10.514,5.6668,1
-8.4621,8.1832,1
-8.1862,12.089,1
-10.812,7.9954,1
-7.8408,7.7691,1
-6.7527,7.4859,1
-6.931,7.542,1
-8.5131,11.292,1
-8.182,11.107,1
-4.228,11.727,1
-10.997,6.6711,1
-5.2839,11.984,1
-7.2177,9.5152,1
-11.187,7.7525,1
-10.749,8.781,1
-9.4358,8.3754,1
-11.358,6.8693,1
-8.0379,10.381,1
-5.1914,7.1407,1
-7.5384,12.494,1
-9.279,4.4909,1
-8.5162,11.73,1
-7.6995,12.297,1
-8.7329,12.285,1
-7.0239,7.5116,1
-10.497,7.7441,1
-8.9662,11.94,1
-8.7493,12.281,1
-7.2176,12.277,1
-8.2847,10.947,1
-5.4048,12.118,1
-4.7644,6.6449,1
-3.3372,11.279,1
-3.2886,11.274,1
-6.3367,12.377,1
-6.4334,8.6266,1
-3.7285,11.332,1
-6.7463,12.549,1
-8.3215,11.464,1
-9.2591,8.4896,1
-10.222,5.5899,1
-10.456,8.7801,1
-8.4501,11.121,1
-6.9969,12.338,1
-11.086,8.8379,1
-8.0708,10.698,1
-4.5625,11.791,1
-11.25,7.8099,1
-6.9024,12.841,1
-8.7346,12.387,1
-8.5091,12.019,1
-8.4893,8.0071,1
-8.7198,11.733,1
-10.058,8.0673,1
-4.5666,11.745,1
-7.2238,7.7443,1
-11.286,7.3618,1
-11.615,9.0748,1
-6.5687,7.3922,1
-3.3497,11.173,1
-5.9872,12.416,1
-9.6105,8.329,1
-7.1377,7.343,1
-6.8545,8.7625,1
-8.429,12.664,1
-6.7831,8.819,1
-4.6024,11.958,1
-5.758,12.205,1
-8.7604,11.781,1
-5.3032,6.859,1
-7.7126,2.5402,1
-11.041,8.2463,1
-6.1784,8.0748,1
-7.4446,12.16,1
-11.119,8.5935,1
-11.047,7.051,1
-7.2722,7.6258,1
-6.1614,12.327,1
-7.3463,9.3395,1
-5.3212,6.8158,1
-8.8483,8.3029,1
-8.3407,10.838,1
-7.5973,12.444,1
-6.6029,8.6358,1
-5.7207,7.6503,1
-11.344,7.1253,1
-9.1391,3.9717,1
-11.323,8.4178,1
-8.2931,3.2511,1
-4.9971,6.6828,1
-11.631,8.6609,1
-2.343,10.812,1
-10.791,6.103,1
-5.0132,6.7145,1
-8.8674,11.924,1
-9.8389,4.9032,1
-9.4326,4.8262,1
-4.3775,11.705,1
-7.6864,11.786,1
-6.9189,12.208,1
-10.815,6.755,1
-10.337,8.5835,1
-11.596,9.1979,1
-4.8425,11.807,1
-6.4955,12.53,1
-10.974,8.8588,1
-7.6757,12.595,1
-11.148,7.4381,1
-4.0754,11.695,1
-7.9656,12.473,1
-6.6356,12.398,1
-6.2413,12.533,1
-11.514,8.4023,1
-10.734,6.1711,1
-5.2354,6.983,1
-6.6356,12.531,1
-7.1844,7.5696,1
-5.4009,7.1961,1
-11.121,8.5138,1
-6.274,12.398,1
-7.6081,12.35,1
-8.6201,12.413,1
-4.686,11.726,1
-9.0725,8.1906,1
-7.9926,12.09,1
-10.743,6.6102,1
-7.9979,2.7875,1
-5.9856,12.311,1
-4.2894,11.656,1
-8.5131,11.004,1
-8.5471,11.114,1
-6.8672,12.418,1
-11.093,8.563,1
-10.502,6.3987,1
-7.5713,12.539,1
-5.8302,12.266,1
-11.236,8.6698,1
-11.59,8.5548,1
-7.9428,10.816,1
-7.7253,12.283,1
-5.0452,6.843,1
-7.9048,10.943,1
-9.0681,4.3086,1
-3.7412,11.412,1
-9.7305,8.1494,1
-10.516,5.7527,1
-6.2323,12.366,1
-11.07,8.5509,1
-8.9058,8.1194,1
-8.2748,11.516,1
-9.887,8.5117,1
-5.646,11.993,1
-4.7296,11.75,1
-7.4479,7.6597,1
-9.0912,8.4565,1
-6.5762,8.5229,1
-10.056,5.3059,1
-7.0884,7.54,1
-8.308,12.344,1
-8.6938,12.105,1
-7.1953,9.5122,1
-7.7984,10.274,1
-8.6622,3.478,1
-6.6317,8.9226,1
-7.8395,12.782,1
-11.107,6.7202,1
-8.172,12.621,1
-9.499,4.6367,1
-9.0046,8.1384,1
-11.742,8.5352,1
-11.567,8.0594,1
-8.8586,11.776,1
-7.4367,12.448,1
-8.3212,11.372,1
-11.211,8.3865,1
-8.322,11.89,1
-8.4922,11.276,1
-4.6116,11.891,1
-5.2728,12.062,1
-10.713,6.114,1
-2.8818,11.088,1
-5.688,7.3255,1
-8.1052,12.165,1
-6.2274,7.265,1
-10.945,6.7443,1
-5.7859,7.7168,1
-7.5243,12.423,1
-7.1215,9.5889,1
-8.4127,3.3552,1
-8.5755,11.272,1
-5.4307,12.016,1
-7.8089,10.925,1
-8.9017,11.432,1
-11.305,8.4662,1
-5.6105,12.033,1
-2.4191,10.694,1
-10.358,5.4897,1
-6.3481,12.403,1
-3.0698,11.1,1
-10.664,6.2115,1
-7.7818,12.571,1
-4.1264,11.697,1
-8.6654,11.606,1
-5.3951,12.163,1
-10.68,6.3286,1
-5.2132,7.0455,1
-6.6734,12.474,1
-11.209,7.322,1
-8.8515,8.4135,1
-8.2902,12.547,1
-6.7717,12.403,1
-11.056,6.4007,1
-5.6723,12.001,1
-5.7625,7.6665,1
-9.6272,4.7621,1
-8.2256,8.0785,1
-7.9899,11.711,1
-8.5027,12.353,1
-9.8343,5.1089,1
-5.7469,7.024,1
-3.1764,11.12,1
-7.7708,10.16,1
-5.7356,12.283,1
-10.968,8.0885,1
-11.521,7.4212,1
-3.1075,11.236,1
-9.9881,5.04,1
-9.9916,5.0983,1
-10.989,7.6892,1
-8.4731,11.46,1
-10.407,5.6255,1
-10.422,8.637,1
-10.915,8.2687,1
-8.7076,3.7098,1
-6.0185,12.451,1
-6.8752,8.8705,1
-9.896,5.1222,1
-6.8825,9.4052,1
-9.4617,4.2879,1
-4.258,11.381,1
-5.837,12.002,1
-6.0389,7.9449,1
-7.9781,11.438,1
-9.5539,8.6004,1
-8.4804,11.053,1
-9.4541,4.6767,1
-10.515,5.8606,1
-11.208,7.3426,1
-8.9179,3.9765,1
-6.5249,7.3399,1
-8.0681,12.726,1
-9.1394,4.2018,1
-8.546,3.3817,1
-10.681,8.8918,1
-7.0316,12.562,1
-5.7847,7.5615,1
-8.2926,12.676,1
-7.3181,9.688,1
-10.508,8.5972,1
-8.3192,3.2066,1
-6.6153,12.361,1
-7.3635,9.7874,1
-10.158,8.3579,1
-10.764,8.2194,1
-4.9681,6.7851,1
-10.114,8.48,1
-9.8834,4.9989,1
-11.398,7.9133,1
-8.2013,3.1367,1
-7.6376,7.7393,1
-7.555,8.031,1
-8.3612,11.597,1
-3.6423,11.538,1
-8.4097,7.8236,1
-3.475,11.436,1
-11.655,7.66,1
-7.3547,12.815,1
-8.1006,2.86,1
-5.2085,11.844,1
-2.5271,10.888,1
-7.9806,12.349,1
-7.9863,11.971,1
-5.2826,12.145,1
-8.1938,12.357,1
-4.9697,6.7258,1
-5.7357,12.008,1
-8.3883,11.028,1
-11.172,7.6636,1
-7.0482,8.9351,1
-6.7972,8.6966,1
-9.7654,4.8713,1
-8.1677,10.976,1
-6.8436,7.4174,1
-6.9993,9.1445,1
-5.8823,7.1157,1
-9.1558,8.4645,1
-8.4983,11.973,1
-10.661,6.0912,1
-1.7917,10.503,1
-7.6016,12.88,1
-6.3341,12.241,1
-10.725,6.1019,1
-8.5859,11.606,1
-7.3536,9.7041,1
-9.703,8.2212,1
-10.635,6.2593,1
-3.042,11.209,1
-8.0857,11.358,1
-7.6098,9.7811,1
-11.494,8.4241,1
-9.999,4.8983,1
-8.1433,12.459,1
-11.131,7.0119,1
-3.7552,11.369,1
-6.1702,7.0244,1
-4.3042,11.592,1
-11.261,7.8786,1
-6.8796,7.4414,1
-10.356,5.7904,1
-4.9256,6.8416,1
-6.3945,8.6059,1
-8.6501,12.547,1
-11.338,7.4279,1
-7.3031,12.741,1
-7.622,2.5327,1
-5.6316,7.7401,1
-3.9988,6.0066,1
-7.661,10.067,1
-3.1255,11.061,1
-8.6069,11.319,1
-5.7063,7.4569,1
-8.2544,12.112,1
-7.2083,12.496,1
-7.6106,11.614,1
-8.876,7.8241,1
-11.611,8.1105,1
-5.836,7.0941,1
-2.5745,10.992,1
-6.8536,7.4152,1
-8.0741,11.917,1
-2.4313,10.851,1
-10.983,6.7196,1
-9.2207,4.2257,1
-8.971,3.7878,1
-9.6997,8.38,1
-7.4409,7.6965,1
-5.7684,12.197,1
-8.0969,10.684,1
-8.1665,8.0941,1
-10.959,6.5105,1
-9.6571,8.5698,1
-7.3813,7.6161,1
-6.5354,7.2082,1
-8.4025,7.987,1
-11.419,7.5213,1
-6.6662,12.521,1
-11.253,7.0177,1
-10.987,8.512,1
-9.7201,8.2777,1
-11.13,8.451,1
-10.687,6.5759,1
-7.7038,10.639,1
-8.6492,11.093,1
-6.4793,8.5242,1
-6.6646,8.6454,1
-11.084,7.8021,1
-10.204,8.5537,1
-5.3357,12.12,1
-8.3905,8.1795,1
-8.9298,3.8972,1
-7.1582,7.536,1
-9.965,8.3072,1
-5.7584,7.1245,1
-8.4899,8.2076,1
-6.8123,8.7943,1
-1.9655,10.628,1
-10.929,8.5501,1
-9.3646,8.2986,1
-8.3836,3.2834,1
-7.8513,10.376,1
-8.7721,12.085,1
-7.4414,9.736,1
-8.8853,3.9452,1
-3.7158,11.498,1
-10.416,5.9733,1
-7.8165,12.535,1
-9.3129,8.2695,1
-11.539,7.4877,1
-10.534,6.4365,1
-8.2756,10.848,1
-8.8464,8.5321,1
-8.3544,10.885,1
-8.6931,8.2722,1
-9.5833,8.0114,1
-10.146,8.2839,1
-2.5765,11.004,1
-8.1302,8.1342,1
-5.771,6.9519,1
-3.0109,11.109,1
-9.7849,8.6541,1
-8.5693,11.899,1
-10.649,6.325,1
-7.0335,12.257,1
-4.1138,11.415,1
-2.1143,10.771,1
-7.6898,12.501,1
-7.2818,12.404,1
-9.7752,5.2409,1
-6.5345,12.063,1
-4.7447,11.69,1
-4.9286,6.8098,1
-9.2068,8.2092,1
-7.7428,2.6482,1
-8.4904,11.47,1
-8.3853,12.015,1
-5.38,7.2545,1
-7.7642,12.565,1
-7.9756,10.713,1
-7.4743,10.516,1
-8.0028,12.822,1
-10.288,5.4128,1
-7.0612,9.3567,1
-7.6541,9.9338,1
-6.164,8.1093,1
-8.5866,11.849,1
-11.074,8.7027,1
-5.6401,12.26,1
-8.6616,8.2366,1
-6.9679,9.0262,1
-6.1275,8.2216,1
-6.7068,12.59,1
-7.9321,2.7267,1
-11.386,8.2355,1
-4.8333,6.6594,1
-7.8646,12.546,1
-8.4143,7.9619,1
-8.9706,8.1219,1
-7.6961,2.6058,1
-8.3721,12.194,1
-2.2992,10.895,1
-10.232,5.6749,1
-4.1519,11.618,1
-3.6033,11.497,1
-9.6996,4.6757,1
-8.1238,10.533,1
-2.6209,10.902,1
-10.454,5.9228,1
-10.436,5.6995,1
-8.3191,11.596,1
-7.8462,12.828,1
-6.3503,7.3005,1
-8.6376,12.363,1
-7.7789,2.6394,1
-6.8095,12.365,1
-8.4547,10.993,1
-7.6544,7.7337,1
-8.6938,12.596,1
-10.487,8.6516,1
-8.4898,7.9154,1
-11.599,7.2461,1
-11.535,8.3052,1
-8.8519,3.9545,1
-10.28,5.6637,1
-10.759,7.8706,1
-8.8723,3.5694,1
-10.691,6.3285,1
-11.293,7.8058,1
-6.7082,8.8193,1
-8.3759,11.823,1
-10.669,6.0976,1
-7.8938,11.877,1
-8.4123,12.026,1
-10.967,6.9604,1
-10.174,8.1655,1
-8.1242,11.622,1
-10.82,7.2924,1
-10.009,8.3618,1
-5.7957,12.032,1
-5.7568,12.207,1
-6.7544,7.4386,1
-8.3131,11.108,1
-7.909,11.845,1
-7.6805,12.245,1
-11.378,8.5269,1
-10.737,5.7572,1
-8.9735,3.8736,1
-8.3503,12.616,1
-8.6757,12.283,1
-6.401,12.465,1
-11.058,6.4855,1
-4.2113,11.717,1
-10.865,8.7148,1
-5.7308,12.225,1
-11.606,8.2535,1
-8.2486,12.431,1
-11.326,8.9536,1
-9.4274,4.5922,1
-7.8599,7.9643,1
-5.4398,11.994,1
-9.7707,4.6537,1
-7.8859,11.448,1
-8.3548,11.332,1
-7.9289,10.609,1
-6.5148,8.7085,1
-7.4897,12.654,1
-4.1179,11.488,1
-8.7337,11.946,1
-11.565,7.4003,1
-9.2484,13.106,1
-6.4023,8.5547,1
-6.772,7.3566,1
-6.9598,7.2826,1
-7.0469,12.49,1
-10.24,5.68,1
-6.7763,12.559,1
-7.8334,12.209,1
-7.304,12.655,1
-11.21,8.3149,1
-9.1613,3.878,1
-8.3922,3.3794,1
-8.4452,11.021,1
-8.0113,11.646,1
-11.033,6.4456,1
-7.1981,12.343,1
-10.199,8.2325,1
-6.4895,8.5202,1
-6.8427,7.4264,1
-8.3968,10.928,1
-6.8774,7.391,1
-6.9446,9.2621,1
-6.4699,12.09,1
-5.1915,11.853,1
-11.405,8.6065,1
-7.8247,12.676,1
-11.646,8.3275,1
-5.1365,11.742,1
-4.9452,6.626,1
-8.3314,3.1014,1
-8.4934,11.074,1
-10.625,6.2738,1
-8.5419,12.172,1
-5.8158,7.5585,1
-7.3041,9.676,1
-7.8625,12.805,1
-8.816,12.194,1
-5.7682,7.6158,1
-4.6752,11.804,1
-4.5258,6.292,1
-8.1843,10.334,1
-10.247,8.6115,1
-4.4055,11.973,1
-3.0453,11.058,1
-7.5071,12.386,1
-8.3179,11.75,1
-10.213,5.4234,1
-8.1089,7.8019,1
-9.8017,5.2488,1
-9.3142,8.2847,1
-8.1015,12.149,1
-5.4809,12.006,1
-7.3094,9.2292,1
-8.8232,12.86,1
-5.5669,7.6118,1
-11.404,7.3214,1
-11.23,7.4093,1
-7.6415,9.7764,1
-8.7374,11.137,1
-7.3647,7.6473,1
-8.5113,12.143,1
-10.449,5.8708,1
-11.433,7.4421,1
-8.2087,10.634,1
-7.5069,9.9986,1
-9.2027,4.1204,1
-8.8321,11.914,1
-11.38,7.1807,1
-10.965,7.292,1
-8.4698,8.0756,1
-11.506,7.3307,1
-7.878,11.995,1
-7.6688,10.27,1
-8.3355,11.564,1
-8.6632,12.241,1
-7.3246,9.6127,1
-5.521,12.196,1
-4.4637,6.3314,1
-8.1526,11.323,1
-7.6373,10.621,1
-8.5847,3.3926,1
-8.463,11.941,1
-11.41,6.8915,1
-8.4701,11.766,1
-11.366,8.0934,1
-5.0342,6.7645,1
-11.344,7.7058,1
-9.3347,4.3848,1
-5.5535,7.3006,1
-10.679,5.9644,1
-7.4834,9.4547,1
-9.1303,8.4176,1
-9.7775,4.7556,1
-10.925,8.6358,1
-8.2451,11.423,1
-9.9436,8.2673,1
-10.948,6.7757,1
-6.8463,7.4713,1
-8.7964,12.921,1
-9.804,4.7971,1
-11.379,8.3227,1
-10.914,7.9706,1
-5.4824,11.959,1
-10.191,8.4708,1
-5.0086,6.9119,1
-5.3345,12.119,1
-7.3574,9.4476,1
-7.6311,12.14,1
-9.1465,8.4186,1
-7.9751,8.093,1
-11.397,7.6156,1
-8.2629,12.491,1
-10.825,8.5175,1
-8.125,12.82,1
-11.099,8.0717,1
-4.6751,11.901,1
-2.9907,11.282,1
-6.3083,8.3803,1
-5.3784,12.153,1
-8.3646,3.1997,1
-7.9535,10.083,1
-11.228,8.7232,1
-8.9274,12.282,1
-10.849,6.7735,1
-10.666,5.8721,1
-9.1124,8.3072,1
-5.6029,7.6756,1
-8.009,7.7868,1
-6.2068,12.232,1
-5.8611,7.1672,1
-9.9496,5.1344,1
-7.4925,12.139,1
-7.8516,12.599,1
-10.831,8.4027,1
-11.679,8.4396,1
-7.6435,2.5976,1
-8.1274,11.323,1
-10.392,8.6432,1
-10.172,8.4635,1
-5.595,7.5792,1
-10.423,8.8764,1
-6.9468,12.442,1
-9.6489,4.4759,1
-11.007,6.4607,1
-9.0253,3.8325,1
-11.622,7.6205,1
-8.0613,8.012,1
-10.759,6.1226,1
-7.7779,12.856,1
-7.0088,11.965,1
-7.7472,2.6771,1
-11.385,8.5188,1
-9.2902,4.3173,1
-8.4603,12.177,1
-8.3782,11.554,1
-8.1444,10.701,1
-8.5818,7.9176,1
-5.543,12.115,1
-11.336,8.0011,1
-7.5519,2.4741,1
-6.5729,12.155,1
-4.1414,11.631,1
-6.4914,12.276,1
-4.9649,6.5897,1
-7.7308,10.417,1
-10.045,5.3383,1
-7.113,9.1945,1
-7.6567,7.6058,1
-12.244,8.5878,1
-8.4123,10.903,1
-6.3704,7.3602,1
-7.5341,9.6989,1
-3.8372,11.437,1
-5.6342,7.6908,1
-5.3559,7.0048,1
-4.1251,11.269,1
-9.5589,8.5396,1
-11.168,6.7186,1
-7.7639,12.584,1
-8.0231,3.0261,1
-6.0005,6.9792,1
-6.0167,12.081,1
-10.283,5.5718,1
-9.4839,8.5345,1
-7.2064,7.7461,1
-8.2599,12.058,1
-2.3315,10.729,1
-5.3841,7.4053,1
-7.2824,9.7002,1
-8.1335,11.528,1
-7.3857,7.619,1
-8.2664,11.171,1
-11.013,6.5828,1
-7.4271,7.5625,1
-11.389,7.7407,1
-9.8183,5.1691,1
-7.7828,7.848,1
-5.2874,12.038,1
-8.3164,12.634,1
-1.8799,10.388,1
-6.0736,7.1703,1
-11.573,7.8321,1
-4.558,11.834,1
-10.957,8.4198,1
-7.7261,10.096,1
-10.021,8.2462,1
-10.611,5.8094,1
-4.057,11.534,1
-11.62,7.6567,1
-11.626,7.3525,1
-8.5571,11.497,1
-9.3854,8.1593,1
-6.7523,8.6098,1
-11.229,8.741,1
-6.8029,9.141,1
-10.848,7.8343,1
-8.8775,4.1018,1
-2.6513,10.946,1
-8.5217,12.311,1
-8.1871,11.136,1
-11.792,8.3866,1
-5.7785,6.9203,1
-8.8553,12.448,1
-10.889,6.1736,1
-5.2022,12.065,1
-9.6887,4.8736,1
-8.8548,12.219,1
-8.9519,8.2609,1
-1.9306,10.651,1
-10.575,6.2608,1
-10.363,6.1017,1
-11.531,8.3321,1
-7.0252,7.4416,1
-11.817,7.8986,1
-6.4107,8.4715,1
-3.6855,11.314,1
-9.4729,8.5975,1
-5.0474,6.9638,1
-8.0944,11.265,1
-6.4419,12.348,1
-11.551,7.9681,1
-7.5195,7.6984,1
-9.7001,8.3956,1
-8.9142,12.353,1
-6.6576,12.338,1
-11.454,7.6152,1
-11.71,7.7431,1
-11.437,6.7833,1
-7.7189,7.6358,1
-10.681,6.4564,1
-10.952,8.0861,1
-10.54,5.797,1
-9.0887,8.3956,1
-8.671,4.1066,1
-11.171,6.7764,1
-11.543,7.7068,1
-7.1331,12.546,1
-9.7469,4.8501,1
-8.2135,3.2821,1
-5.1854,7.0012,1
-1.8767,10.572,1
-7.8502,7.8288,1
-10.864,6.3052,1
-8.964,4.0516,1
-5.4821,6.6923,1
-6.1601,7.2725,1
-10.497,8.3048,1
-10.866,8.7348,1
-11.087,6.909,1
-10.087,5.2133,1
-10.033,5.3256,1
-8.6843,8.0969,1
-6.0128,12.352,1
-7.1532,12.503,1
-8.4746,12.23,1
-5.3891,11.827,1
-6.6187,12.476,1
-6.074,12.107,1
-7.7639,2.6059,1
-6.9674,9.0203,1
-5.5028,6.9182,1
-10.262,8.7851,1
-6.6459,12.449,1
-8.705,3.5501,1
-10.242,8.6009,1
-6.5375,7.3588,1
-7.6854,2.6126,1
-5.4047,7.2571,1
-8.0509,12.837,1
-10.579,8.5484,1
-7.9755,10.655,1
-4.6525,6.4882,1
-10.592,6.1379,1
-11.068,6.701,1
-11.468,8.1273,1
-8.1243,7.9936,1
-11.176,7.4972,1
-6.0083,12.356,1
-8.6975,11.725,1
-10.485,6.1214,1
-7.8811,13.149,1
-10.907,7.635,1
-5.6369,12.32,1
-4.1516,11.516,1
-5.0502,6.8465,1
-5.7954,12.278,1
-10.196,5.0864,1
-7.7786,12.826,1
-7.2293,12.712,1
-6.9883,9.1512,1
-8.233,10.989,1
-2.6481,11.027,1
-2.2212,10.571,1
-4.8908,11.81,1
-11.341,8.1469,1
-9.1619,12.9,1
-11.206,8.4274,1
-10.1,8.5873,1
-11.744,8.335,1
-6.9688,12.129,1
-11.444,6.7999,1
-6.2619,8.0962,1
-10.216,5.397,1
-10.968,8.5578,1
-6.7554,9.1269,1
-2.5922,10.957,1
-6.0488,7.0719,1
-7.5665,2.5219,1
-9.8143,5.0692,1
-9.9344,8.3437,1
-10.522,8.7866,1
-7.1013,7.6437,1
-9.0639,3.822,1
-10.95,8.2877,1
-6.8897,9.1542,1
-6.3023,12.477,1
-9.1814,4.1038,1
-7.8904,12.226,1
-6.2365,8.1408,1
-7.3634,12.639,1
-10.771,8.4247,1
-9.8905,8.439,1
-8.3652,3.3355,1
-7.5695,9.994,1
-10.511,5.988,1
-7.1314,7.646,1
-8.6678,12.747,1
-4.58,11.717,1
-8.624,11.32,1
-10.996,6.5834,1
-9.6726,8.4056,1
-8.4639,12.807,1
-8.1568,11.563,1
-8.7291,8.0863,1
-10.878,8.4607,1
-2.1075,10.698,1
-3.7223,11.372,1
-7.2725,12.352,1
-5.505,11.966,1
-10.69,8.356,1
-3.1872,11.318,1
-7.9024,2.7136,1
-5.6754,7.4589,1
-8.3438,11.218,1
-7.0139,9.2469,1
-6.326,7.3999,1
-5.6208,12.244,1
-5.986,8.0907,1
-8.569,12.432,1
-7.8951,7.797,1
-10.155,5.1845,1
-7.8598,12.455,1
-9.9889,8.6112,1
-7.7309,12.358,1
-8.3279,11.86,1
-10.238,8.6496,1
-4.8762,11.887,1
-9.7429,8.3395,1
-8.3949,11.052,1
-8.3966,11.986,1
-10.016,5.0408,1
-8.083,3.0514,1
-9.8032,5.2959,1
-5.3413,12.167,1
-5.3613,12.114,1
-10.887,7.1737,1
-8.5523,12.047,1
-11.868,7.9367,1
-9.8888,8.464,1
-6.352,12.57,1
-5.0707,11.685,1
-6.9918,9.1252,1
-5.7594,12.184,1
-9.7189,8.3724,1
-11.354,8.3135,1
-10.146,5.4933,1
-10.083,8.1094,1
-10.148,8.7582,1
-10.327,5.5034,1
-6.8154,8.934,1
-7.9636,10.281,1
-9.1358,8.0776,1
-4.5758,6.2993,1
-11.081,6.6966,1
-8.644,12.024,1
-11.552,8.2801,1
-11.618,8.2426,1
-10.999,8.2607,1
-10.099,5.6592,1
-11.303,7.7263,1
-7.8743,10.351,1
-7.5916,10.182,1
-5.6437,12.001,1
-11.668,8.3844,1
-10.59,5.9067,1
-10.632,6.0603,1
-10.064,8.6298,1
-6.8762,7.5759,1
-7.9569,2.8053,1
-5.0832,12.02,1
-7.8092,11.471,1
-10.848,8.4506,1
-7.578,12.486,1
-5.5371,12.113,1
-10.715,8.1835,1
-4.9677,6.5158,1
-10.995,6.6283,1
-5.213,6.7936,1
-10.189,8.4289,1
-7.7466,12.722,1
-8.1047,12.468,1
-10.755,8.4425,1
-11.18,8.6187,1
-9.2483,7.9939,1
-2.1797,10.747,1
-11.069,8.1869,1
-11.467,7.9646,1
-5.9197,7.1426,1
-5.7512,7.7268,1
-7.9781,12.838,1
-6.218,7.9133,1
-7.9727,10.972,1
-5.8553,7.7706,1
-9.1287,4.2368,1
-6.4064,12.045,1
-9.9543,8.6246,1
-5.3686,6.7446,1
-4.9,12.091,1
-7.3269,12.409,1
-11.439,8.2377,1
-9.7598,4.8831,1
-8.4397,12.122,1
-4.7941,6.7144,1
-7.2192,9.3267,1
-8.0965,12.355,1
-8.0207,12.386,1
-11.175,7.8838,1
-10.795,6.078,1
-7.8775,10.686,1
-6.4066,8.4768,1
-5.4587,6.9015,1
-6.9067,7.4967,1
-7.6405,7.817,1
-11.475,7.8134,1
-4.9689,11.962,1
-8.833,11.841,1
-7.9495,10.414,1
-7.9854,2.8287,1
-5.408,6.8098,1
-7.5047,7.5748,1
-10,5.1924,1
-2.7801,10.92,1
-8.8314,7.9257,1
-4.7056,11.896,1
-10.463,8.3488,1
-2.9846,11.168,1
-6.037,12.414,1
-6.3197,12.184,1
-11.577,7.1684,1
-11.584,7.7859,1
-5.1953,12.159,1
-5.7118,12.115,1
-8.744,11.44,1
-10.441,6.011,1
-8.9944,3.9536,1
-7.7969,12.65,1
-8.7962,11.91,1
-11.085,6.6927,1
-8.1676,11.788,1
-8.1234,12.128,1
-7.1859,12.761,1
-11.288,7.4816,1
-6.8898,8.9948,1
-10.304,5.7919,1
-7.8069,11.473,1
-9.5754,4.4201,1
-8.6727,11.544,1
-11.512,7.5332,1
-9.1724,3.8781,1
-8.0992,12.259,1
-7.8181,12.73,1
-10.766,8.6419,1
-11.187,8.41,1
-8.1671,10.526,1
-11.567,8.401,1
-7.8561,10.359,1
-8.1653,10.871,1
-7.6666,10.068,1
-8.9391,7.8005,1
-8.6377,12.725,1
-11.307,6.9668,1
-10.968,6.5803,1
-7.8663,7.832,1
-7.7793,12.028,1
-7.8201,12.606,1
-5.4899,12.204,1
-11.523,7.9906,1
-9.345,8.5315,1
-8.7216,12.205,1
-7.8339,12.86,1
-7.6668,12.346,1
-10.797,6.5667,1
-8.6965,8.0469,1
-11.572,7.3481,1
-8.1346,7.9873,1
-11.415,8.5898,1
-8.1385,7.9646,1
-6.9168,7.4404,1
-7.6182,9.9555,1
-5.9328,12.249,1
-10.2,8.3505,1
-7.6755,2.5537,1
-8.5503,11.589,1
-7.8133,10.302,1
-6.8377,12.734,1
-8.1361,10.49,1
-9.8644,8.5934,1
-8.4757,12.702,1
-7.0874,9.2679,1
-10.39,5.9229,1
-9.5416,8.0319,1
-8.3664,12.088,1
-10.627,6.1675,1
-6.3079,8.2038,1
-2.6841,11.063,1
-5.1371,6.9633,1
-11.11,6.7288,1
-10.717,8.5884,1
-7.3573,9.6073,1
-8.5042,3.3219,1
-5.97,7.2013,1
-7.2523,12.335,1
-8.7922,12.199,1
-7.6376,12.808,1
-7.6175,9.9487,1
-9.9694,4.9872,1
-10.222,7.9817,1
-4.1754,11.72,1
-11.238,7.3722,1
-4.8841,6.8008,1
-11.564,8.4202,1
-7.3504,12.408,1
-6.8627,9.0285,1
-6.1243,7.2896,1
-11.876,8.4093,1
-7.8233,9.9321,1
-8.1295,8.0665,1
-6.7486,12.479,1
-3.5376,11.381,1
-4.8848,11.801,1
-8.2239,3.017,1
-8.4997,11.808,1
-11.033,6.5877,1
-4.74,11.762,1
-10.518,8.6516,1
-4.2922,11.685,1
-2.3841,10.947,1
-7.7051,9.8155,1
-8.4997,8.0527,1
-5.1213,6.6526,1
-11.228,8.2082,1
-8.5878,12.086,1
-8.063,11.24,1
-10.195,5.5901,1
-6.0354,12.314,1
-5.0756,11.95,1
-10.168,8.5134,1
-8.8926,12.471,1
-6.2728,12.32,1
-8.0216,2.9439,1
-8.1687,10.582,1
-6.2669,6.963,1
-6.8958,12.598,1
-7.7191,10.163,1
-8.4709,10.807,1
-6.2813,12.3,1
-11.932,8.5713,1
-8.4824,12.435,1
-11.082,8.4717,1
-11.281,7.9262,1
-8.1445,12.658,1
-4.7322,1.7999,2
-5.4811,0.20543,2
-9.9785,1.4593,2
-6.1558,5.0638,2
-5.6973,-0.13689,2
-1.8522,4.5339,2
-5.1946,1.7396,2
-3.4294,4.1454,2
-1.3981,4.1142,2
-4.82,0.69806,2
-6.5476,0.080503,2
-4.8764,-0.039985,2
-5.0758,1.0173,2
-7.4225,0.44963,2
-4.716,9.4862,2
-3.9898,4.2486,2
-4.4552,4.5061,2
-1.9185,4.51,2
-4.4069,9.0387,2
-8.2339,0.42389,2
-5.5466,0.22865,2
-5.1899,1.2856,2
-4.9515,0.18531,2
-2.0171,5.1394,2
-4.6803,0.95768,2
-4.1228,4.4743,2
-4.2521,8.7142,2
-5.6284,4.8342,2
-5.2378,4.7858,2
-7.95,0.73392,2
-2.3623,6.8366,2
-8.3025,5.9495,2
-5.0522,1.6056,2
-7.6382,5.1848,2
-3.5731,8.0172,2
-1.9819,4.0313,2
-1.9042,4.7825,2
-2.0801,3.6905,2
-6.3097,3.6329,2
-6.7278,4.0539,2
-3.2414,7.7059,2
-1.5759,5.0583,2
-7.8708,5.909,2
-1.9063,4.3954,2
-7.7477,0.63259,2
-1.7468,4.3351,2
-6.7194,4.2042,2
-4.7509,0.87903,2
-2.6198,4.5249,2
-7.0128,0.39621,2
-2.9367,4.2526,2
-5.4634,0.11773,2
-4.4943,-0.20798,2
-4.6675,0.041534,2
-7.7804,5.5468,2
-8.8154,0.93298,2
-6.7562,4.0649,2
-5.8061,0.015016,2
-7.9276,5.9343,2
-1.8805,4.958,2
-1.1156,5.0009,2
-6.8321,5.1713,2
-9.9241,1.3612,2
-4.2512,4.4457,2
-1.9971,4.2825,2
-2.2738,6.3536,2
-7.6412,5.56,2
-5.4537,0.1559,2
-8.4672,0.79698,2
-5.0832,0.53482,2
-7.8349,5.7517,2
-4.4878,0.43198,2
-4.9874,0.98483,2
-4.95,1.4582,2
-9.7197,1.2539,2
-5.3167,2.012,2
-4.9734,9.5227,2
-2.6321,4.0669,2
-4.7815,0.57105,2
-2.2834,6.0085,2
-5.2461,9.8545,2
-1.451,5.1801,2
-1.8672,5.1149,2
-3.4647,7.8156,2
-1.0726,4.9784,2
-9.0011,0.96299,2
-1.4825,3.6366,2
-4.7649,1.2909,2
-7.8287,5.9837,2
-1.6587,3.8183,2
-4.912,-0.022339,2
-5.5906,-0.33111,2
-4.1727,0.36231,2
-5.6749,0.14274,2
-8.0863,5.821,2
-2.5191,4.4916,2
-5.1177,4.7864,2
-7.4986,5.1867,2
-7.0799,0.1234,2
-2.878,4.1539,2
-5.8161,0.17261,2
-7.9651,0.62798,2
-5.8537,0.065957,2
-7.3686,5.5647,2
-1.5201,5.1938,2
-4.6931,-0.20675,2
-5.1607,9.703,2
-1.9892,5.6959,2
-3.9203,4.4379,2
-4.9677,9.6998,2
-2.2821,4.0109,2
-4.6364,0.88891,2
-6.3748,3.5632,2
-4.7397,0.043385,2
-4.8814,0.94622,2
-2.0321,4.6319,2
-1.9441,4.8226,2
-6.6511,5.3623,2
-8.6957,0.93881,2
-2.253,4.2202,2
-2.384,4.5383,2
-6.4424,0.43618,2
-6.0308,3.5914,2
-2.0657,4.0912,2
-4.5382,1.2624,2
-1.832,5.4974,2
-2.022,5.7293,2
-6.929,5.4277,2
-3.5848,3.9955,2
-8.2959,0.84213,2
-3.6222,4.128,2
-6.5488,0.29599,2
-7.2847,0.51792,2
-3.3609,7.5094,2
-4.0539,8.6231,2
-4.4435,0.95858,2
-4.6869,4.6426,2
-5.3382,2.2328,2
-6.1876,3.7187,2
-5.3814,0.30557,2
-4.4143,0.0075324,2
-1.3397,4.1667,2
-4.6392,4.6177,2
-11.122,1.9202,2
-3.7455,4.329,2
-1.7674,3.9683,2
-3.5962,7.7838,2
-2.8933,3.8228,2
-5.2358,0.63166,2
-8.7611,6.3444,2
-4.7236,1.1563,2
-3.5905,4.3643,2
-5.3857,0.0040536,2
-4.9313,1.8148,2
-4.9917,9.5081,2
-3.1317,3.8893,2
-2.2331,4.1659,2
-2.5267,4.1745,2
-9.5663,1.2837,2
-10.854,1.9007,2
-5.8347,0.14344,2
-4.2369,8.7684,2
-8.2214,0.95484,2
-7.4324,5.199,2
-4.2846,0.36343,2
-7.6165,5.6372,2
-5.0989,4.5867,2
-4.7197,0.8268,2
-4.3513,0.909,2
-4.9694,1.3187,2
-7.2145,0.46134,2
-4.7464,0.96803,2
-5.4356,1.4514,2
-5.0613,1.8045,2
-6.9804,0.14269,2
-9.6975,1.2798,2
-7.526,5.1605,2
-7.6896,0.64973,2
-5.0972,1.7518,2
-7.5679,5.1583,2
-3.8058,4.402,2
-3.6527,8.1007,2
-4.3036,4.5288,2
-5.1629,0.012087,2
-5.1902,1.6468,2
-1.9571,4.2227,2
-6.0041,2.4916,2
-4.7037,0.82092,2
-6.7983,5.223,2
-4.7431,1.1313,2
-7.0665,4.8148,2
-4.6139,1.284,2
-1.8899,5.4442,2
-9.4743,1.2697,2
-1.7709,4.7925,2
-9.5083,1.0976,2
-3.7403,8.1408,2
-2.238,5.0002,2
-3.0468,7.39,2
-2.5013,6.362,2
-9.3533,1.0503,2
-5.3296,-0.14459,2
-4.0237,4.1305,2
-1.6168,5.1358,2
-6.0189,3.3562,2
-4.9528,0.52953,2
-5.7199,0.2184,2
-8.9541,0.90509,2
-5.5571,2.7756,2
-4.3669,0.33228,2
-7.1112,5.448,2
-2.9388,4.2314,2
-2.1708,6.5356,2
-5.5047,0.058406,2
-7.4274,5.1443,2
-1.6328,4.3961,2
-2.4499,4.7784,2
-6.6229,5.4068,2
-4.8997,0.22882,2
-4.6383,1.1844,2
-3.6375,8.103,2
-2.0907,3.8919,2
-5.8733,3.1592,2
-4.9044,0.33868,2
-7.04,4.7177,2
-5.2784,1.8936,2
-3.7406,8.1059,2
-2.8345,6.8801,2
-2.4133,4.4323,2
-2.754,4.0514,2
-2.4348,6.5709,2
-1.2659,4.5415,2
-6.5033,4.3017,2
-2.6614,4.0271,2
-2.5342,6.7116,2
-9.0495,1.0563,2
-6.073,10.56,2
-2.8096,3.8046,2
-4.7674,-0.50716,2
-10.425,1.4905,2
-5.2257,-0.14143,2
-5.9139,4.9089,2
-3.3532,4.3056,2
-1.6827,4.4728,2
-6.4314,3.6919,2
-5.0806,2.1083,2
-1.8459,3.9752,2
-4.3561,0.14838,2
-3.7761,4.5004,2
-5.3168,0.63987,2
-5.5339,2.692,2
-5.0279,1.9634,2
-6.4812,3.7793,2
-2.7748,7.0953,2
-2.4879,6.1759,2
-6.2585,0.027676,2
-8.0095,5.563,2
-1.7073,5.1112,2
-6.647,4.1491,2
-7.0904,5.5147,2
-7.8576,5.4887,2
-7.2406,0.45744,2
-4.093,0.46638,2
-5.7949,1.995,2
-2.3379,6.4382,2
-7.8918,0.76352,2
-1.7563,5.2042,2
-4.3443,8.9622,2
-6.6175,0.35545,2
-7.571,5.0955,2
-5.2764,-0.16147,2
-5.4416,-0.071408,2
-4.5899,0.087089,2
-3.2689,7.7596,2
-1.8342,4.2181,2
-6.8533,0.32044,2
-8.1313,0.8643,2
-5.8781,5.0312,2
-1.7978,5.2791,2
-6.7877,0.53667,2
-7.9161,0.69322,2
-6.0681,3.4604,2
-6.9921,0.50414,2
-2.7568,4.1475,2
-5.1378,0.055972,2
-1.8257,5.8475,2
-4.1801,8.9654,2
-9.1693,0.94682,2
-4.4429,8.9692,2
-2.0209,4.0555,2
-7.2294,4.6142,2
-1.551,4.8651,2
-4.9866,1.831,2
-5.618,0.12074,2
-3.6338,8.2482,2
-5.7041,10.316,2
-7.8694,5.5367,2
-4.0633,4.2048,2
-3.3794,4.2516,2
-4.6625,0.53426,2
-5.9836,-0.11109,2
-5.0743,2.2396,2
-5.1841,2.2486,2
-4.0833,8.3917,2
-6.0799,-0.045869,2
-4.7565,2.0923,2
-4.4275,9.0963,2
-7.9388,5.5475,2
-1.977,4.0186,2
-7.5809,5.7616,2
-7.9198,5.772,2
-1.421,5.0141,2
-4.1597,-0.34933,2
-4.8155,0.63179,2
-5.3321,2.5051,2
-4.5461,8.968,2
-6.9634,0.30631,2
-5.7493,2.9181,2
-5.9095,-0.092933,2
-6.9359,0.41805,2
-2.4705,6.6979,2
-5.3308,0.13074,2
-7.6071,5.32,2
-4.57,0.84943,2
-2.2726,4.403,2
-7.1687,5.5205,2
-7.8957,5.3605,2
-5.2022,2.3086,2
-5.4438,2.2279,2
-2.2318,5.6682,2
-5.1912,0.76534,2
-7.8093,0.58002,2
-5.6231,2.8101,2
-6.825,0.12471,2
-4.558,4.4624,2
-6.4294,3.9845,2
-4.4435,0.26273,2
-4.2118,4.429,2
-8.1912,5.7672,2
-8.0189,5.5606,2
-1.6587,4.4934,2
-11.291,2.0646,2
-11.261,2.0577,2
-4.7774,0.413,2
-5.7966,2.7094,2
-1.3549,4.3791,2
-5.222,2.1122,2
-8.8736,0.79178,2
-4.6629,4.4928,2
-5.3575,4.5383,2
-4.5833,0.28868,2
-7.0727,0.41828,2
-2.9552,4.3258,2
-10.819,1.6973,2
-5.2635,1.8775,2
-1.9559,4.615,2
-1.3081,4.9314,2
-7.9954,5.7548,2
-4.9623,1.5896,2
-2.4646,5.0043,2
-8.5832,6.3523,2
-9.3661,1.2217,2
-7.5265,5.0807,2
-4.7138,1.5224,2
-4.5951,9.2709,2
-2.7471,3.9902,2
-4.5459,0.55217,2
-1.5784,5.3873,2
-1.9136,5.8626,2
-2.0019,4.432,2
-4.4666,0.21264,2
-1.4792,4.6479,2
-3.5186,7.879,2
-6.9049,5.3634,2
-3.1932,3.9278,2
-4.6464,0.43447,2
-5.714,2.9488,2
-2.6101,6.4823,2
-7.3496,4.9965,2
-1.428,3.8182,2
-10.958,1.9109,2
-8.0589,5.7757,2
-4.3598,0.60942,2
-8.2888,0.66035,2
-2.0253,5.9557,2
-5.3026,2.3367,2
-3.5958,7.9123,2
-3.4641,7.8527,2
-2.1463,6.1072,2
-6.2413,5.035,2
-4.0871,8.618,2
-4.5081,0.81478,2
-4.2454,8.8435,2
-1.8281,5.5594,2
-2.1703,4.1343,2
-10.394,1.6778,2
-5.8155,3.1215,2
-5.9901,0.20276,2
-5.6218,0.029331,2
-4.2577,4.5862,2
-2.8578,7.1126,2
-8.5251,0.70899,2
-5.1339,1.7588,2
-1.7199,5.0995,2
-6.0354,5.0655,2
-6.3514,0.17484,2
-2.6829,3.5188,2
-2.6599,6.9629,2
-4.5067,4.6392,2
-1.886,5.6387,2
-3.1451,4.328,2
-3.7004,8.2007,2
-4.6976,0.87069,2
-5.6054,0.097337,2
-1.5786,4.4908,2
-5.8654,0.037916,2
-2.1611,6.2815,2
-4.9067,1.8088,2
-2.3675,4.5586,2
-9.5593,1.2569,2
-5.6582,2.9917,2
-4.5487,1.4092,2
-7.7753,5.4289,2
-10.695,1.7482,2
-6.9803,4.6012,2
-5.1273,0.33136,2
-8.7589,1.0571,2
-5.6359,2.8571,2
-2.2421,4.1787,2
-4.701,0.21731,2
-4.6934,1.9711,2
-5.0558,9.6209,2
-5.6373,0.20063,2
-7.281,5.704,2
-4.9278,1.973,2
-7.1697,5.5493,2
-5.7992,4.8414,2
-5.4887,-0.02591,2
-2.2627,5.8738,2
-8.8554,0.98016,2
-5.3308,2.6825,2
-7.1354,0.24273,2
-5.6331,4.8161,2
-6.9615,4.8005,2
-5.0846,0.50775,2
-2.0719,6.1482,2
-6.9239,5.468,2
-5.4279,3.3079,2
-7.4979,5.1891,2
-5.6861,2.8752,2
-1.9517,5.21,2
-3.1491,4.0724,2
-6.2017,3.4961,2
-1.7558,4.077,2
-5.3819,1.7208,2
-2.3784,6.2187,2
-7.4746,0.50297,2
-3.7985,8.339,2
-3.4053,4.1265,2
-4.5664,9.2471,2
-7.6938,0.59588,2
-7.9194,0.65039,2
-7.3721,0.63333,2
-6.961,5.5984,2
-6.1109,0.15206,2
-5.4241,4.8361,2
-7.7859,0.42881,2
-7.573,5.3095,2
-4.9209,1.1003,2
-7.5382,5.1744,2
-6.3976,3.9661,2
-5.296,2.7401,2
-4.5358,1.1381,2
-11.324,2.1426,2
-10.603,1.6314,2
-6.271,5.0311,2
-4.6087,4.5426,2
-4.4973,4.3582,2
-5.0095,0.16269,2
-6.632,5.3172,2
-4.3444,0.57409,2
-7.898,0.65342,2
-5.4637,4.8858,2
-3.0178,6.5862,2
-4.6062,9.2895,2
-2.7841,7.3257,2
-1.9723,5.621,2
-9.1665,1.2432,2
-4.8167,-0.012594,2
-3.3732,8.0546,2
-1.7974,5.1749,2
-3.967,4.2859,2
-1.4587,4.4495,2
-6.8634,5.4069,2
-2.166,4.6173,2
-1.4501,4.5843,2
-8.5261,1.0674,2
-5.5031,4.8976,2
-1.8822,5.4618,2
-1.4048,3.6537,2
-2.7511,4.0207,2
-2.1366,5.4881,2
-5.47,2.5349,2
-5.6637,3.0631,2
-5.3066,0.40347,2
-7.24,4.9069,2
-1.7233,4.4826,2
-2.5646,6.2777,2
-4.603,0.23351,2
-3.2195,4.0281,2
-4.8479,4.6151,2
-1.9798,5.8487,2
-1.8706,4.7255,2
-4.4698,9.1788,2
-1.9631,5.8324,2
-8.0576,0.61238,2
-4.8363,1.4417,2
-4.7902,9.5074,2
-2.9274,7.2222,2
-1.9129,5.3716,2
-8.8385,1.0451,2
-6.1579,3.7266,2
-5.7278,-0.20427,2
-1.879,6.3421,2
-6.7658,4.436,2
-2.5818,4.0122,2
-5.6866,2.8719,2
-4.679,9.462,2
-4.0331,8.3938,2
-2.7335,4.0314,2
-7.2292,0.27518,2
-2.8985,4.447,2
-8.3484,0.68917,2
-3.6911,4.5522,2
-2.6053,4.1199,2
-3.4593,7.8487,2
-5.2535,0.26544,2
-2.1366,5.2898,2
-2.4249,6.3526,2
-5.516,0.45731,2
-1.7653,4.704,2
-8.5831,6.1389,2
-1.5713,4.8512,2
-4.6466,1.5726,2
-6.293,3.532,2
-4.8106,0.79381,2
-5.8064,3.2927,2
-4.5741,-0.2292,2
-3.7643,4.2342,2
-6.6951,0.2079,2
-5.1866,1.8227,2
-8.8837,0.98846,2
-4.485,4.4329,2
-3.0959,7.4426,2
-10.436,1.5405,2
-5.6368,0.40745,2
-7.7789,5.2893,2
-7.2079,4.9261,2
-9.8319,1.3142,2
-6.4674,3.63,2
-10.265,1.5383,2
-5.1161,4.6383,2
-9.2898,0.98967,2
-8.0392,0.91686,2
-7.1655,4.6053,2
-7.799,0.755,2
-5.7276,4.9449,2
-10.894,1.9301,2
-5.1259,9.8246,2
-4.3554,0.27264,2
-6.3676,3.7598,2
-7.8423,5.5417,2
-1.1116,3.5964,2
-2.8587,4.1917,2
-9.7051,1.3753,2
-7.6596,0.55798,2
-3.748,4.166,2
-1.4294,4.655,2
-2.9336,4.0423,2
-6.2075,3.555,2
-6.3088,3.8031,2
-6.5478,5.4579,2
-9.1655,1.0809,2
-5.7461,3.0432,2
-1.4548,4.5833,2
-5.0348,1.5172,2
-7.8814,5.5345,2
-1.692,5.581,2
-4.7284,9.561,2
-9.0449,1.171,2
-4.9171,0.16853,2
-5.2783,4.7063,2
-4.6291,1.0472,2
-2.2329,5.9043,2
-9.01,1.0764,2
-5.0725,0.0612,2
-1.2558,4.9094,2
-6.6318,4.0688,2
-2.0054,5.3065,2
-1.6292,5.2131,2
-4.9078,9.3639,2
-2.8616,7.3241,2
-4.0563,4.353,2
-4.6023,9.3075,2
-2.1442,4.7744,2
-2.3649,3.9239,2
-4.8351,4.5248,2
-2.5783,4.1114,2
-5.7348,2.9031,2
-5.8925,-0.089804,2
-3.2173,7.5382,2
-10.502,1.7707,2
-4.4589,1.3542,2
-2.8222,4.1291,2
-2.5706,4.1488,2
-6.3486,0.21035,2
-2.9517,4.1639,2
-1.6379,5.0201,2
-5.7404,2.5659,2
-5.8872,0.23901,2
-1.4663,4.3893,2
-4.8136,1.8666,2
-4.236,0.80389,2
-7.5824,5.2584,2
-4.1697,4.2581,2
-2.1926,6.3128,2
-2.4857,6.4246,2
-9.2701,0.94504,2
-6.0675,-0.1347,2
-5.3118,0.0013981,2
-6.9299,5.395,2
-7.8479,5.4716,2
-2.9644,7.156,2
-6.756,0.34928,2
-1.811,5.6776,2
-6.3939,3.6283,2
-7.0212,5.5659,2
-4.8615,9.5998,2
-2.347,4.0151,2
-7.6188,0.60223,2
-3.7901,4.2638,2
-4.8843,0.75404,2
-7.6772,0.44938,2
-4.8682,0.63794,2
-5.2264,2.0671,2
-5.04,0.32017,2
-5.7481,0.48482,2
-4.439,0.061542,2
-6.9738,5.3643,2
-5.28,2.1379,2
-4.1353,0.49258,2
-3.2197,4.1561,2
-1.7419,3.9234,2
-5.7644,3.143,2
-6.5626,5.1048,2
-5.0102,1.4675,2
-5.8518,-0.12004,2
-4.3706,0.22347,2
-1.3814,4.1331,2
-4.8162,9.519,2
-6.2336,5.1851,2
-3.9472,-0.14009,2
-4.8127,0.54154,2
-2.359,5.9964,2
-5.4378,0.31468,2
-1.8199,4.6067,2
-6.9809,0.50428,2
-1.6145,3.9295,2
-10.603,1.8502,2
-3.7373,4.5181,2
-6.1224,0.29963,2
-6.6893,0.13006,2
-4.7548,0.21548,2
-1.473,5.0733,2
-6.1193,3.4844,2
-2.2951,5.2961,2
-4.5264,-0.44268,2
-1.5554,5.0874,2
-2.0465,5.8706,2
-5.0781,2.2914,2
-2.8858,7.0157,2
-6.8665,0.093915,2
-7.1832,4.8075,2
-6.1376,0.39102,2
-4.5538,0.88784,2
-7.0293,4.539,2
-6.3879,0.18198,2
-6.9446,0.39462,2
-5.1036,4.8238,2
-6.5442,0.10972,2
-2.3238,3.9975,2
-6.758,4.162,2
-5.7506,-0.16757,2
-10.044,1.5244,2
-5.4123,0.35753,2
-2.3946,3.9492,2
-1.785,4.1632,2
-3.4453,7.8893,2
-3.4233,4.1569,2
-4.2091,-0.4328,2
-4.904,0.84933,2
-7.2089,0.48039,2
-9.5945,1.4205,2
-4.5921,1.4104,2
-6.2676,4.9935,2
-3.3656,4.1859,2
-6.1604,-0.040218,2
-6.422,3.8891,2
-2.3227,4.0592,2
-4.3175,0.62555,2
-2.6244,6.5667,2
-3.0473,7.4872,2
-5.992,0.28152,2
-4.8405,0.27819,2
-3.7167,4.1003,2
-6.9254,4.4203,2
-6.4382,5.1616,2
-1.5511,4.6835,2
-4.6393,4.688,2
-4.13,8.6653,2
-7.4702,0.42385,2
-10.619,1.6336,2
-8.4822,0.72739,2
-4.5614,1.1201,2
-7.4167,0.42827,2
-8.6223,1.2462,2
-2.7478,6.876,2
-6.0729,0.27566,2
-6.2446,3.5967,2
-3.2626,4.2667,2
-4.6868,1.8472,2
-1.514,5.4474,2
-4.5465,1.1934,2
-1.6969,5.2347,2
-5.3404,2.1827,2
-6.9097,5.4032,2
-2.3157,4.2162,2
-5.3052,-0.10478,2
-1.9083,4.2843,2
-4.2206,-0.21858,2
-3.8393,8.4552,2
-3.1308,7.1498,2
-3.1006,7.5876,2
-4.8307,1.3259,2
-2.8494,4.0814,2
-2.9502,6.9834,2
-1.8074,4.1617,2
-5.0232,1.976,2
-7.8515,5.7179,2
-1.83,4.3222,2
-4.5396,4.5566,2
-4.4675,0.27462,2
-2.8045,7.0359,2
-5.6846,2.4033,2
-4.4512,0.89888,2
-6.2566,0.23039,2
-4.5179,0.70413,2
-1.5856,4.9255,2
-6.5795,5.2979,2
-3.5258,7.7653,2
-5.075,2.409,2
-2.0942,4.5475,2
-5.2466,0.21686,2
-2.6249,3.8734,2
-6.8011,4.2276,2
-11.235,2.0195,2
-5.3301,-0.02498,2
-8.665,6.2381,2
-2.0835,4.0225,2
-5.9727,0.19476,2
-8.0492,5.8754,2
-6.6151,0.25456,2
-4.444,8.795,2
-4.1752,4.5844,2
-5.0262,4.4374,2
-9.5432,1.4702,2
-1.5547,4.3101,2
-8.3034,5.9769,2
-6.7958,5.4006,2
-3.8401,4.255,2
-6.3906,0.12782,2
-7.9232,5.5563,2
-3.9097,4.1549,2
-6.4343,5.0443,2
-1.5591,4.5614,2
-5.9935,3.2919,2
-2.5084,4.3557,2
-2.3617,5.792,2
-4.18,0.5369,2
-2.953,6.9753,2
-4.941,1.8936,2
-4.4675,4.5443,2
-5.0115,4.6828,2
-2.9467,3.8936,2
-4.8442,4.5759,2
-2.9659,4.2709,2
-1.7361,6.1358,2
-7.7821,5.5031,2
-4.9443,2.0769,2
-3.477,4.3814,2
-2.002,5.4936,2
-2.5623,6.6957,2
-4.8724,1.2597,2
-8.2625,5.8384,2
-5.2137,2.1158,2
-1.999,4.1045,2
-4.8793,0.02841,2
-2.5093,4.1811,2
-5.7896,5.0163,2
-4.8238,2.1564,2
-5.1127,0.6516,2
-5.8435,3.0891,2
-1.6741,4.1932,2
-5.2936,0.57196,2
-4.0422,4.3034,2
-7.9653,5.5533,2
-2.2613,3.7752,2
-3.979,4.1968,2
-4.6298,0.8928,2
-1.1277,4.7603,2
-4.589,1.296,2
-4.8766,0.72713,2
-4.6931,2.0756,2
-7.6729,0.64264,2
-9.6386,1.3479,2
-4.5103,4.5773,2
-2.493,6.1146,2
-7.4327,0.53626,2
-0.73902,4.3065,2
-5.4642,4.9599,2
-4.0756,0.53978,2
-1.372,4.8422,2
-3.0652,4.3608,2
-1.6464,4.0067,2
-4.4687,0.61844,2
-6.1764,-0.041881,2
-4.3447,0.70987,2
-5.8711,3.3185,2
-5.1082,1.9576,2
-1.8408,3.9395,2
-5.1619,1.7232,2
-6.1554,4.9566,2
-4.1517,4.2859,2
-1.807,5.087,2
-5.0601,9.6375,2
-6.8956,5.418,2
-4.8467,-0.22003,2
-4.5009,-0.032619,2
-5.8433,-0.21395,2
-3.4147,7.6452,2
-4.1823,8.6324,2
-4.8878,0.20839,2
-3.3225,4.2806,2
-10.775,1.7268,2
-3.6329,8.048,2
-2.4114,6.4474,2
-6.8145,4.2533,2
-2.0783,5.6469,2
-3.2151,7.5926,2
-4.9171,0.085769,2
-1.6861,4.2614,2
-6.1405,3.6648,2
-3.2412,7.6922,2
-5.1428,-0.19628,2
-3.4206,4.2024,2
-3.7737,8.185,2
-6.4392,0.30054,2
-8.0662,5.6272,2
-7.5255,5.2648,2
-4.3073,4.3581,2
-1.713,4.6888,2
-8.5298,0.77357,2
-1.0455,4.5946,2
-4.5692,0.53329,2
-3.9119,8.3064,2
-4.6028,0.12114,2
-2.2151,6.5063,2
-4.0194,1.0004,2
-7.8495,5.8432,2
-2.8482,7.1379,2
-2.0837,5.8562,2
-3.0619,7.1847,2
-1.6782,4.5389,2
-5.0571,1.9233,2
-5.2804,2.0335,2
-4.7269,4.5468,2
-7.6952,0.39445,2
-5.1883,2.297,2
-7.8451,5.529,2
-4.2087,8.9702,2
-6.4042,5.1521,2
-1.9147,4.4871,2
-5.1993,0.0020701,2
-4.6516,0.083829,2
-4.2757,4.4858,2
-2.6121,4.52,2
-7.8825,5.8253,2
-1.8933,5.9319,2
-1.5353,5.1562,2
-2.5424,6.3299,2
-3.7911,4.1103,2
-4.5946,9.0087,2
-1.395,4.1713,2
-7.3955,5.563,2
-1.1819,4.9811,2
-5.0597,0.42974,2
-1.7892,5.7411,2
-2.6345,3.9789,2
-10.715,1.7194,2
-4.8619,0.49546,2
-2.4447,4.2256,2
-1.8175,5.3449,2
-3.0846,7.422,2
-4.2232,9.0872,2
-2.358,6.7448,2
-2.0562,4.5065,2
-1.698,5.3967,2
-7.3507,5.681,2
-1.2274,3.8051,2
-1.7224,5.3778,2
-2.8338,3.6775,2
-4.5437,0.97126,2
-8.3209,0.75304,2
-5.6194,0.20403,2
-8.5253,0.7822,2
-7.3288,4.9562,2
-6.162,0.21727,2
-4.255,4.5012,2
-4.9004,1.7115,2
-2.4757,6.415,2
-2.3402,4.0229,2
-10.335,1.5857,2
-5.6117,4.7923,2
-7.3281,5.599,2
-3.6408,4.3076,2
-4.5619,4.7469,2
-4.8449,0.47531,2
-5.5908,-0.010893,2
-3.4937,3.956,2
-6.6724,0.45802,2
-4.5247,0.14832,2
-2.1038,5.363,2
-3.4827,4.5549,2
-2.6435,4.3755,2
-7.4985,5.5781,2
-2.6838,6.3345,2
-4.8232,1.7141,2
-8.6671,0.74694,2
-2.5724,6.5143,2
-5.5961,2.8999,2
-8.0615,6.0536,2
-5.0443,1.4896,2
-5.0824,1.7065,2
-5.2067,2.3665,2
-7.2553,0.25196,2
-2.1001,6.2058,2
-4.2325,0.76294,2
-8.0484,0.46647,2
-4.9271,-0.33932,2
-5.3731,2.6964,2
-4.8424,1.7132,2
-6.5174,4.1893,2
-7.0077,4.4021,2
-2.7374,4.1586,2
-6.7203,0.34413,2
-4.5333,4.3317,2
-4.3911,9.0624,2
-3.0271,4.1509,2
-4.8801,1.5117,2
-1.8659,3.9892,2
-4.8303,0.43927,2
-7.5276,5.58,2
-2.5099,4.8679,2
-4.4584,0.64907,2
-8.1323,5.6458,2
-7.6643,5.6563,2
-7.643,5.6132,2
-5.0628,4.5441,2
-2.2094,3.8779,2
-7.5382,5.5954,2
-4.2053,8.8685,2
-3.6926,4.3806,2
-1.6764,5.2053,2
-6.5865,0.25064,2
-4.998,1.8123,2
-1.5308,5.3269,2
-7.5354,0.27674,2
-5.8699,0.14032,2
-4.6519,1.5178,2
-4.1429,8.5246,2
-2.4472,4.7505,2
-4.9417,4.9892,2
-7.0198,0.34724,2
-3.8261,4.2152,2
-4.5964,4.6277,2
-9.932,1.3653,2
-5.0777,1.533,2
-4.7137,1.1941,2
-4.997,4.6492,2
-2.3371,4.3864,2
-7.6659,0.41554,2
-6.7728,0.35498,2
-3.1896,4.5811,2
-4.5706,4.4365,2
-5.2689,-0.18839,2
-6.85,0.38714,2
-5.1829,0.71169,2
-5.4519,0.17876,2
-5.4913,4.7079,2
-5.5468,0.44332,2
-4.282,4.3218,2
-4.8559,0.20855,2
-5.8189,3.1651,2
-4.8022,0.87403,2
-6.6271,5.1678,2
-5.683,2.3495,2
-5.9051,0.4597,2
-3.7861,-0.16778,2
-3.1964,4.0906,2
-5.9237,5.048,2
-6.0653,3.5684,2
-1.4941,5.6947,2
-4.7829,1.6475,2
-5.7766,3.0497,2
-7.4344,5.7209,2
-4.9517,1.7234,2
-2.3258,6.4616,2
-5.0856,-0.221,2
-8.3093,5.8893,2
-2.1498,4.191,2
-2.9812,4.1239,2
-2.1791,5.4675,2
-8.8959,0.67723,2
-5.2662,2.307,2
-1.5553,4.7757,2
-6.0421,3.4206,2
-5.7354,5.1051,2
-1.9071,5.4044,2
-5.0676,0.026267,2
-5.9679,3.1065,2
-5.1455,0.49907,2
-7.4574,0.43756,2
-6.1721,5.2833,2
-4.9402,4.5805,2
-6.7006,5.3965,2
-7.5131,5.8117,2
-2.4529,4.6776,2
-4.2548,8.6395,2
-6.1093,-0.15109,2
-5.8811,-0.27554,2
-4.6801,9.4404,2
-4.4029,4.5533,2
-2.6024,4.1401,2
-5.8627,3.0943,2
-2.0478,4.1864,2
-4.1794,4.3236,2
-1.1695,3.8957,2
-2.5078,6.4425,2
-1.5991,5.3486,2
-7.0439,4.5455,2
-7.0935,4.6653,2
-4.2851,0.20164,2
-2.1443,4.5161,2
-4.0029,4.6504,2
-2.4764,6.2582,2
-3.4169,7.9414,2
-4.1862,8.5604,2
-1.6115,4.3414,2
-4.4701,-0.28593,2
-5.3639,1.9399,2
-2.2433,5.6638,2
-5.3994,0.52328,2
-6.0863,3.4995,2
-4.3012,8.8827,2
-1.6489,4.4163,2
-2.5327,6.5906,2
-2.0904,6.1464,2
-7.0922,5.6202,2
-5.3249,0.25092,2
-5.6788,0.18811,2
-3.4809,7.6685,2
-4.6881,4.5306,2
-2.1898,5.6234,2
-5.6713,2.7281,2
-2.8562,7.2774,2
-2.0019,5.4596,2
-3.8915,4.5449,2
-9.3187,1.2455,2
-6.4406,4.0998,2
-4.7792,-0.085866,2
-9.2482,1.3658,2
-5.1156,1.9953,2
-5.4918,4.9957,2
-5.3869,1.6372,2
-2.1761,3.7968,2
-4.0045,8.5406,2
-6.2576,3.6262,2
-5.6685,-0.10273,2
-4.0014,8.4435,2
-3.7522,8.2742,2
-8.0438,0.61561,2
-5.3592,2.7461,2
-5.3834,-0.0066483,2
-4.4665,0.52138,2
-5.9517,0.22359,2
-3.5448,4.2334,2
-2.4571,6.4046,2
-4.663,0.28938,2
-7.1328,0.38271,2
-1.5355,4.6185,2
-1.9999,6.1636,2
-2.3718,3.955,2
-2.4006,6.2925,2
-6.9427,0.37454,2
-4.9054,1.2826,2
-5.8527,3.2611,2
-1.938,6.0094,2
-2.2273,5.7917,2
-2.5401,6.3971,2
-2.6422,6.5793,2
-10.852,1.7515,2
-1.4098,4.2538,2
-8.2474,0.48683,2
-1.0718,4.2181,2
-6.8203,0.41447,2
-6.0906,3.7347,2
-10.358,1.6207,2
-1.9201,4.4564,2
-4.967,4.6236,2
-4.7527,0.079485,2
-8.1198,0.66211,2
-8.1408,0.66089,2
-3.3597,7.5633,2
-2.1592,4.9197,2
-4.9043,1.1642,2
-6.7733,0.22415,2
-2.4309,4.2951,2
-6.4175,3.7135,2
-6.1817,0.084861,2
-4.7897,1.9569,2
-1.4244,4.7964,2
-4.1687,-0.32988,2
-2.2563,5.6329,2
-7.8901,5.2544,2
-3.9939,4.4504,2
-7.4441,0.25977,2
-1.316,4.2417,2
-7.9645,5.8953,2
-7.6704,0.45464,2
-5.0712,-0.065261,2
-1.6925,4.1702,2
-3.7677,4.3287,2
-4.3702,0.20813,2
-1.5829,5.2033,2
-6.077,0.34821,2
-4.9168,0.73358,2
-4.8621,0.71144,2
-1.3583,4.618,2
-5.2844,0.43117,2
-5.4941,4.5998,2
-2.2466,5.834,2
-2.2544,6.0443,2
-9.2038,1.0916,2
-5.2349,2.2735,2
-7.4268,5.1282,2
-1.9286,5.8189,2
-2.7383,4.0407,2
-6.2455,3.5449,2
-5.315,-0.11543,2
-5.0947,2.1371,2
-3.1411,4.1495,2
-3.0227,7.3793,2
-3.128,4.2219,2
-2.8656,3.9191,2
-2.8057,3.9401,2
-3.3552,4.1738,2
-3.0289,4.1363,2
-5.102,2.0031,2
-6.3417,3.8005,2
-3.0855,7.2597,2
-4.4539,4.3799,2
-7.4423,0.33861,2
-4.3429,0.71454,2
-9.1393,0.99451,2
-4.8816,1.5623,2
-6.5277,5.3805,2
-9.5664,1.2325,2
-4.7013,1.2144,2
-2.929,4.3178,2
-2.5501,3.9987,2
-5.9064,0.2601,2
-2.7475,7.0922,2
-7.0141,4.7817,2
-9.1026,0.9689,2
-6.5584,4.0357,2
-2.5275,6.5876,2
-5.8024,10.334,2
-9.5569,1.3703,2
-2.3402,3.8027,2
-4.4744,9.1033,2
-5.6735,0.43377,2
-5.506,0.19898,2
-4.9891,0.16372,2
-4.6914,0.050511,2
-3.1868,4.4346,2
-7.1498,5.6109,2
-4.5259,0.66211,2
-2.8718,3.8798,2
-5.124,2.1888,2
-4.4649,4.3988,2
-10.32,1.5199,2
-7.0412,4.6061,2
-6.2691,5.2408,2
-2.2989,4.2524,2
-5.0267,0.90321,2
-2.3502,6.2132,2
-4.1473,0.24034,2
-9.3448,0.98706,2
-4.6693,1.0916,2
-5.8685,4.9627,2
-5.8325,3.0631,2
-2.3595,6.9695,2
-7.6405,5.3968,2
-4.7752,4.6626,2
-4.0384,0.80595,2
-4.9539,1.5845,2
-4.9783,1.8828,2
-2.9437,7.3636,2
-1.9751,3.863,2
-5.3291,4.78,2
-6.7339,4.3524,2
-5.2582,2.2477,2
-3.4454,8.0863,2
-4.7187,-0.16188,2
-5.358,0.19532,2
-1.5703,3.7765,2
-4.8796,0.5109,2
-10.803,1.7024,2
-2.341,6.3735,2
-5.5811,-0.19239,2
-4.5534,4.572,2
-5.0933,0.16943,2
-7.347,4.5317,2
-9.7513,1.5521,2
-7.2473,4.8359,2
-7.337,5.7156,2
-9.5652,1.185,2
-4.5252,4.3577,2
-4.9508,4.5896,2
-5.0786,-0.14763,2
