-11.103,6.5635,1
-10.393,1.9807,1
-13.282,5.7771,1
-13.806,0.41095,1
-10.923,1.7003,1
-11.583,-1.6718,1
-11.468,6.5988,1
-12.432,6.0894,1
-14.606,0.45608,1
-10.041,6.9684,1
-13.61,0.76401,1
-13.818,-0.72652,1
-9.5723,7.0867,1
-10.223,1.9825,1
-13.767,0.58011,1
-14.055,5.676,1
-13.631,5.0043,1
-13.289,1.2055,1
-12.846,6.0499,1
-11.555,3.3933,1
-10.216,1.9268,1
-13.883,4.3311,1
-9.9463,-1.9762,1
-12.816,5.6658,1
-13.955,5.1205,1
-11.07,1.7455,1
-10.08,3.0615,1
-9.8227,7.0933,1
-12.83,5.8918,1
-11.817,3.3271,1
-8.6765,2.2361,1
-13.527,5.4897,1
-13.051,4.2159,1
-13.119,0.45935,1
-13.512,4.4834,1
-11.364,6.6795,1
-13.153,0.81593,1
-11.474,1.6508,1
-14.53,-0.69643,1
-13.782,-0.19757,1
-13.673,0.22401,1
-8.8011,2.7826,1
-14.502,-0.19711,1
-12.563,-0.64571,1
-15.09,-0.13604,1
-10.074,2.0196,1
-11.523,-1.4909,1
-12.017,3.6456,1
-14.322,4.8012,1
-10.891,3.4565,1
-11.64,-1.5963,1
-11.26,1.6998,1
-12.692,6.3697,1
-8.8723,-2.2439,1
-8.3866,7.3856,1
-9.6186,2.0228,1
-13.8,0.74211,1
-8.516,7.4265,1
-11.753,3.4257,1
-13.961,4.9892,1
-13.495,0.84886,1
-10.58,-1.6716,1
-13.116,4.0179,1
-13.281,4.2018,1
-9.152,7.291,1
-13.519,5.8742,1
-10.295,7.0168,1
-12.29,1.5157,1
-13.207,0.7585,1
-12.618,4.4832,1
-14.372,0.11536,1
-8.6768,-2.3216,1
-11.7,6.6013,1
-11.3,1.4778,1
-12.31,3.8803,1
-13.285,4.3549,1
-11.706,1.5983,1
-13.271,4.8899,1
-13.583,0.59162,1
-13.898,5.3077,1
-8.5356,7.3618,1
-12.918,3.9079,1
-12.16,-1.2739,1
-13.036,0.84794,1
-13.757,4.5476,1
-10.142,2.0657,1
-7.9698,2.4792,1
-8.8777,7.1079,1
-8.5588,2.2463,1
-9.8533,-2.1722,1
-10.718,6.8307,1
-8.6278,2.2941,1
-12.337,6.0468,1
-13.282,-0.79851,1
-14.437,0.27566,1
-8.0819,2.7674,1
-13.906,-0.13507,1
-14.232,5.4667,1
-11.162,6.3576,1
-12.784,-0.96519,1
-8.2573,2.6931,1
-9.726,-1.8898,1
-12.837,0.9571,1
-9.0173,7.2302,1
-11.953,1.3541,1
-10.451,-1.8511,1
-12.394,0.86091,1
-13.484,5.7813,1
-8.8712,2.7339,1
-8.9032,2.7521,1
-7.8152,-2.3686,1
-13.316,4.0827,1
-14.114,5.5845,1
-8.8541,2.4152,1
-13.941,5.036,1
-13.994,-0.35067,1
-13.723,-0.30326,1
-10.623,6.8267,1
-13.111,4.3471,1
-13.825,0.060159,1
-13.958,-0.4976,1
-12.266,3.6599,1
-12.417,3.702,1
-10.849,1.811,1
-7.7058,-2.3739,1
-13.263,4.3804,1
-12.709,4.0821,1
-10.717,-1.8977,1
-13.98,0.47161,1
-10.474,7.06,1
-8.2899,7.4304,1
-10.641,3.0322,1
-11.958,-1.4536,1
-10.901,1.4421,1
-12.608,-1.0124,1
-12.605,1.1848,1
-13.471,5.7735,1
-7.78,-2.3612,1
-14.278,0.24024,1
-11.584,3.3427,1
-11.595,3.4102,1
-8.8939,-2.4039,1
-13.959,5.3244,1
-11.616,3.4093,1
-8.9848,2.6764,1
-12.671,3.7326,1
-9.0013,2.7461,1
-13.907,-0.047178,1
-13.858,5.7274,1
-8.9167,7.2583,1
-13.053,6.1001,1
-9.7395,2.0575,1
-12.705,6.1575,1
-12.333,3.6838,1
-12.229,-1.0449,1
-12.077,6.5151,1
-11.807,3.6364,1
-9.2827,2.8641,1
-13.917,0.23582,1
-11.366,6.5758,1
-11.899,1.6769,1
-9.8,7.0106,1
-9.8648,7.018,1
-12.058,3.5813,1
-13.662,5.249,1
-11.593,3.4102,1
-13.222,4.8699,1
-10.268,6.6203,1
-9.3692,-2.0989,1
-12.132,1.4772,1
-12.301,-1.3551,1
-7.9727,2.5221,1
-13.175,6.272,1
-12.632,5.716,1
-9.8476,2.9041,1
-8.8199,7.316,1
-9.5938,-1.8808,1
-10.913,1.8435,1
-13.187,5.7589,1
-14.05,5.1631,1
-9.0926,-2.1907,1
-12.997,4.0756,1
-12.124,-1.3816,1
-11.362,3.2615,1
-11.202,3.3568,1
-9.569,2.9275,1
-8.3186,7.4441,1
-13.698,-0.67613,1
-14.318,4.7723,1
-10.254,-1.9342,1
-11.914,1.5421,1
-12.409,4.0083,1
-11.926,1.2883,1
-11.55,3.5803,1
-14.586,0.11398,1
-13.005,-0.47029,1
-12.376,-1.3276,1
-13.838,4.9382,1
-13.247,-0.49428,1
-13.772,5.7862,1
-8.3366,2.3637,1
-11.083,6.5371,1
-14.821,0.026669,1
-10.963,-1.893,1
-14.299,0.35091,1
-13.701,-0.63289,1
-12.985,-1.2362,1
-13.643,4.7375,1
-13.65,4.4586,1
-12.514,6.3195,1
-13.907,4.9556,1
-13.896,5.7105,1
-13.592,4.2693,1
-11.048,3.3389,1
-14.247,5.1933,1
-13.963,0.67372,1
-7.8881,2.4305,1
-10.041,-2.0069,1
-11.25,6.584,1
-12.643,-1.1736,1
-13.153,-0.54375,1
-10.406,6.9036,1
-13.416,0.48079,1
-11.837,1.4861,1
-12.335,1.2545,1
-9.1486,2.8451,1
-13.836,0.018886,1
-10.408,-1.8611,1
-10.928,3.2516,1
-13.619,4.825,1
-10.491,6.8494,1
-12.014,1.4152,1
-13.837,-0.14012,1
-12.753,3.5539,1
-12.98,0.93897,1
-11.584,6.6267,1
-12.912,3.5516,1
-13.766,5.2311,1
-14.096,-0.13142,1
-8.536,7.4185,1
-13.292,6.1062,1
-10.066,7.1611,1
-10.52,1.575,1
-13.295,-0.76301,1
-12.027,1.6159,1
-13.856,-0.52731,1
-12.631,1.2316,1
-10.871,3.21,1
-10.755,-1.8643,1
-13.175,4.3995,1
-11.592,-1.5199,1
-12.568,-0.93986,1
-13.947,-0.16945,1
-12.957,-1.1025,1
-9.7211,6.8193,1
-11.336,6.5392,1
-14.439,5.2322,1
-14.092,0.3121,1
-12.643,3.8291,1
-13.803,-0.46342,1
-11.086,3.3592,1
-11.112,1.6299,1
-8.8358,2.2894,1
-9.6567,2.1653,1
-13.474,-0.32446,1
-13.484,6.1079,1
-11.577,1.531,1
-9.2333,7.1836,1
-12.439,-1.0334,1
-13.838,0.75814,1
-13.785,-0.53124,1
-12.754,3.7499,1
-11.486,-1.528,1
-13.324,-0.94084,1
-11.426,1.5889,1
-12.359,-1.2641,1
-13.766,0.44849,1
-13.534,0.22974,1
-14.326,5.7332,1
-7.4823,7.476,1
-8.975,2.8524,1
-12.52,-1.244,1
-13.706,5.1245,1
-10.134,3.144,1
-8.552,-2.2035,1
-10.953,3.2325,1
-14.018,0.34629,1
-14.074,-0.57145,1
-9.1339,-2.2157,1
-10.267,-1.9172,1
-13.859,5.466,1
-11.208,6.593,1
-13.905,0.36803,1
-10.668,3.194,1
-14.489,4.9893,1
-12.324,3.8599,1
-9.6944,2.885,1
-13.892,-0.028538,1
-12.958,-1.0661,1
-12.048,3.5577,1
-12.76,0.70298,1
-13.221,-0.74248,1
-13.357,0.466,1
-12.492,-1.3328,1
-14.005,0.38995,1
-11.287,-1.7182,1
-12.893,-1.1641,1
-11.997,-1.3409,1
-13.948,-0.0037983,1
-8.2158,7.3302,1
-13.2,3.8195,1
-10.4,3.0728,1
-11.349,6.5644,1
-13.579,0.74855,1
-13.808,4.3685,1
-14.471,4.3153,1
-13.762,5.0167,1
-14.62,0.24497,1
-8.1714,-2.4016,1
-12.328,3.6547,1
-13.093,-0.67425,1
-8.7509,7.2746,1
-11.106,1.5802,1
-9.5061,2.8777,1
-9.9499,1.9854,1
-12.895,0.84962,1
-13.174,3.9303,1
-8.8499,7.3907,1
-13.593,0.18276,1
-13.757,5.6851,1
-13.521,-0.57037,1
-12.812,3.7251,1
-13.896,4.3666,1
-11.657,1.4033,1
-13.7,0.48958,1
-13.043,6.1309,1
-12.487,1.2319,1
-8.7439,2.8425,1
-15.32,5.3759,1
-8.1335,-2.3164,1
-10.234,3.0974,1
-14.5,5.3221,1
-13.042,-0.95545,1
-11.543,6.3493,1
-13.551,0.43705,1
-10.268,-1.7868,1
-13.441,0.63089,1
-12.546,1.2289,1
-13.884,0.43107,1
-11.794,-1.6854,1
-13.133,3.9514,1
-8.1251,2.618,1
-10.65,-1.6505,1
-13.185,4.2201,1
-14.287,0.45823,1
-11.516,-1.6488,1
-9.0013,-2.2582,1
-12.964,1.1362,1
-12.999,-0.67395,1
-8.303,2.6307,1
-11.498,-1.556,1
-10.578,1.696,1
-12.926,-0.61679,1
-13.186,5.9271,1
-8.9416,2.8611,1
-7.69,2.4439,1
-12.787,0.96632,1
-12.298,1.1164,1
-13.23,-0.91293,1
-10.864,3.2615,1
-14.015,-0.7748,1
-10.763,-1.9212,1
-8.3129,7.3721,1
-12.208,6.2748,1
-12.432,6.3233,1
-13.273,6.1998,1
-12.046,-1.2632,1
-13.967,0.71772,1
-10.912,3.2779,1
-12.879,6.0779,1
-12.461,1.3498,1
-13.989,-0.12128,1
-8.5608,2.7587,1
-10.316,1.9973,1
-14.109,4.6097,1
-10.588,-1.9168,1
-7.7392,2.5583,1
-10.671,-1.7346,1
-10.062,3.0661,1
-10.363,1.975,1
-11.145,-1.6264,1
-11.38,3.4742,1
-13.702,-0.4859,1
-12.478,3.6617,1
-14.077,4.3147,1
-12.007,6.5165,1
-10.142,-2.0122,1
-13.128,3.8691,1
-13.64,0.39568,1
-13.771,5.2048,1
-11.124,1.7928,1
-12.423,-1.1396,1
-11.075,1.8497,1
-9.412,2.2353,1
-13.5,0.11887,1
-8.5322,-2.3635,1
-13.641,4.3989,1
-13.991,-0.022531,1
-11.163,-1.4559,1
-14.355,5.1098,1
-14.552,-0.60953,1
-14.217,-0.26047,1
-8.4095,2.2725,1
-7.9298,-2.3035,1
-13.522,-0.4959,1
-8.3092,-2.3571,1
-13.698,4.609,1
-11.364,-1.7613,1
-8.2778,7.3548,1
-10.994,-1.8944,1
-10.536,2.004,1
-14.057,5.2306,1
-8.7723,7.178,1
-11.658,-1.6827,1
-9.3641,7.2271,1
-9.5209,2.7581,1
-13.659,-0.91876,1
-13.474,4.2402,1
-8.3644,2.4179,1
-11.534,6.2962,1
-12.057,3.7132,1
-12.898,6.1157,1
-12.975,6.0979,1
-11.213,6.6168,1
-11.715,1.6564,1
-10.06,1.9639,1
-12.939,6.0419,1
-9.2483,2.8937,1
-10.407,6.893,1
-8.7215,2.4351,1
-11.632,3.4402,1
-12.84,5.9784,1
-12.687,3.9213,1
-14.806,-0.14346,1
-14.115,5.2728,1
-13.706,0.24235,1
-12.896,5.6177,1
-13.977,4.5329,1
-11.049,6.713,1
-14.592,5.451,1
-11.112,-1.665,1
-14.288,0.46182,1
-14.394,0.36141,1
-7.5776,7.4479,1
-13.53,-0.55698,1
-13.354,-0.87067,1
-9.0086,2.8847,1
-12.48,-1.0884,1
-12.402,-1.3397,1
-13.761,-0.8494,1
-14.526,4.9424,1
-13.486,5.6182,1
-7.5877,2.2287,1
-14.485,0.37495,1
-10.941,-1.6195,1
-12.883,3.9085,1
-10.716,-1.9214,1
-7.5032,2.5446,1
-12.477,6.3065,1
-12.639,-0.87483,1
-12.083,3.7735,1
-7.5661,2.5898,1
-11.434,3.455,1
-10.18,-1.9275,1
-11.158,-1.4577,1
-12.273,3.5223,1
-12.872,-1.3401,1
-14.134,0.052663,1
-12.701,-1.116,1
-9.1526,6.9663,1
-11.01,3.1755,1
-12.392,3.6906,1
-10.429,6.977,1
-14.25,0.048592,1
-10.923,-1.9803,1
-14.125,-0.049186,1
-12.747,-0.71666,1
-14.379,0.61152,1
-11.09,1.7668,1
-13.445,4.7964,1
-13.467,4.7685,1
-12.597,1.2369,1
-13.447,5.3776,1
-12.608,6.2505,1
-11.589,3.5105,1
-13.571,4.2095,1
-11.785,6.486,1
-8.5477,-2.3712,1
-14.122,-0.50982,1
-11.461,3.329,1
-8.4156,7.1714,1
-13.931,4.6297,1
-10.862,3.3297,1
-13.484,-0.84859,1
-12.078,-1.6054,1
-13.44,4.0464,1
-9.4646,2.8765,1
-12.623,3.9866,1
-13.898,5.0923,1
-13.718,-0.61404,1
-13.152,1.0297,1
-13.543,4.5561,1
-11.813,-1.594,1
-7.7898,2.4349,1
-10.476,6.7403,1
-13.994,4.7187,1
-9.7363,6.9666,1
-13.917,5.6991,1
-11.55,3.512,1
-12.864,6.0043,1
-8.9165,-2.2739,1
-13.869,5.143,1
-12.957,4.4485,1
-13.934,0.16838,1
-11.637,1.3279,1
-11.604,-1.6916,1
-12.605,1.1187,1
-10.8,1.9192,1
-8.0752,2.7226,1
-12.169,6.4167,1
-11.732,1.5636,1
-10.756,3.2542,1
-13.256,5.6502,1
-14.427,-0.0079034,1
-11.708,1.2814,1
-13.679,0.75877,1
-13.311,0.71179,1
-13.365,-0.79175,1
-8.0434,-2.4526,1
-12.998,5.9361,1
-13.846,4.6201,1
-13.984,-0.025319,1
-10.055,-2.1731,1
-13.447,4.1819,1
-10.854,-1.9311,1
-8.0813,2.6207,1
-13.779,5.6223,1
-14.061,4.6611,1
-13.823,0.42728,1
-12.435,1.2991,1
-9.6746,1.9322,1
-9.3866,7.2009,1
-14.2,0.019251,1
-14.349,5.2038,1
-13.793,5.5085,1
-14.427,5.2906,1
-14.267,0.29109,1
-12.448,4.2921,1
-11.889,3.5434,1
-14.138,5.2952,1
-14.02,4.3653,1
-13.536,5.3059,1
-11.09,1.4309,1
-8.3407,7.3138,1
-12.901,-1.1256,1
-11.745,6.4778,1
-12.305,3.8024,1
-13.367,4.0605,1
-13.357,0.30383,1
-10.869,1.7307,1
-9.0543,2.0885,1
-11.116,6.775,1
-14.145,4.4378,1
-9.5632,7.1861,1
-8.5046,7.4167,1
-13.033,0.80084,1
-9.4046,2.9195,1
-10.482,6.9205,1
-13.826,0.0031516,1
-13.377,5.8737,1
-11.409,3.4968,1
-13.704,0.44552,1
-13.027,0.58407,1
-13.9,-0.15831,1
-11.066,6.6539,1
-9.4326,-2.325,1
-9.1664,2.8024,1
-9.1952,2.7519,1
-11.737,-1.6149,1
-8.9427,2.1263,1
-7.5354,2.3915,1
-13.787,-0.65271,1
-13.7,0.42911,1
-11.518,6.5502,1
-11.566,3.4744,1
-14.12,5.4909,1
-8.9823,7.328,1
-8.8271,2.2809,1
-13.907,4.3865,1
-7.7254,7.4949,1
-12.722,-0.91821,1
-12.805,-0.95015,1
-13.851,-0.1166,1
-11.88,3.6637,1
-11.707,3.1543,1
-9.775,7.0724,1
-12.554,1.2958,1
-8.0873,-2.4281,1
-13.648,4.3264,1
-8.7458,-2.2853,1
-13.267,0.9679,1
-12.228,-1.0456,1
-13.97,-0.47165,1
-13.699,0.17153,1
-10.155,6.8804,1
-12.248,-0.77856,1
-9.6988,3.0924,1
-12.707,3.9733,1
-13.084,5.9202,1
-9.8969,-2.0376,1
-11.695,3.535,1
-11.379,3.4707,1
-11.594,1.6087,1
-13.781,0.22643,1
-13.973,5.6719,1
-9.2854,-2.1941,1
-13.544,4.1097,1
-11.201,1.7053,1
-7.312,2.6039,1
-14.578,-0.27331,1
-13.684,-0.33019,1
-11.943,-1.3931,1
-12.723,6.5442,1
-13.989,0.40492,1
-13.236,5.9249,1
-13.346,-0.66223,1
-12.893,1.1187,1
-11.618,1.7077,1
-12.684,6.1278,1
-10.108,-2.0112,1
-9.5332,2.8548,1
-13.985,5.0153,1
-13.123,4.3045,1
-11.996,3.6255,1
-13.847,0.38134,1
-14.224,-0.38409,1
-14.533,0.2781,1
-14.361,4.9466,1
-11.762,1.4726,1
-12.737,-1.163,1
-12.156,6.0594,1
-13.628,-0.45384,1
-11.54,-1.5354,1
-12.949,4.0204,1
-14.085,5.3046,1
-8.2178,-2.3447,1
-6.7879,7.4943,1
-13.179,1.0847,1
-14.088,-0.08079,1
-11.694,-1.5721,1
-9.9565,2.9824,1
-14.494,5.1546,1
-10.729,3.1781,1
-13.448,-0.57985,1
-9.7804,2.9753,1
-9.1494,-2.2174,1
-8.6025,7.3921,1
-13.179,-1.1359,1
-11.446,3.2825,1
-13.768,-0.53669,1
-10.258,2.0015,1
-11.699,6.4139,1
-9.1878,2.8091,1
-10.205,3.1205,1
-12.069,3.7447,1
-11.924,1.3587,1
-14.145,4.2052,1
-12.331,6.4397,1
-9.4068,3.0069,1
-13.644,4.6385,1
-10.526,1.8869,1
-9.095,7.1798,1
-7.4346,7.4514,1
-12.6,3.5803,1
-12.294,1.1785,1
-11.573,6.3793,1
-13.273,5.7093,1
-13.143,4.0548,1
-13.71,4.9054,1
-12.505,3.845,1
-11.689,6.3764,1
-10.33,-1.8645,1
-13.889,-0.88189,1
-8.8674,2.2026,1
-13.056,6.1604,1
-11.256,6.479,1
-11.014,3.335,1
-13.608,5.7408,1
-10.577,1.7583,1
-10.86,-1.8065,1
-12.716,4.5995,1
-13.964,5.6273,1
-13.847,0.69799,1
-12.678,1.0218,1
-12.239,3.6684,1
-12.69,5.9609,1
-12.613,6.3655,1
-10.378,-1.8867,1
-8.4147,2.7036,1
-11.022,6.9593,1
-10.31,2.0393,1
-11.916,1.1762,1
-13.464,-0.15699,1
-14.034,0.34972,1
-8.2004,-2.4173,1
-13.357,-0.73706,1
-10.284,3.1007,1
-11.794,1.5191,1
-9.7884,1.8699,1
-13.238,3.8975,1
-13.884,0.24375,1
-14.031,5.8171,1
-14.577,4.9697,1
-13.202,5.7179,1
-9.7915,2.9378,1
-14.116,-0.96718,1
-13.549,5.5771,1
-13.849,4.3852,1
-9.3611,-2.0968,1
-13.548,-0.57827,1
-11.027,1.7975,1
-13.674,-0.50459,1
-14.046,0.38044,1
-14.144,5.0363,1
-12.558,-1.312,1
-10.161,6.9427,1
-9.7685,-2.0486,1
-9.9391,-2.1108,1
-14.149,0.14728,1
-14.118,-0.011032,1
-13.928,5.3075,1
-11.613,-1.4761,1
-9.4405,6.994,1
-13.325,-1.1279,1
-9.2775,2.1109,1
-8.2185,2.3468,1
-12.779,0.76866,1
-12.954,-0.47454,1
-9.4729,2.2374,1
-14.101,0.47931,1
-14.199,-0.053203,1
-10.309,3.0279,1
-9.6062,2.8229,1
-11.687,6.6044,1
-10.448,-1.7663,1
-13.333,5.6288,1
-11.969,3.8412,1
-11.387,6.4803,1
-13.105,0.75568,1
-12.895,0.88929,1
-14.793,-0.066025,1
-11.72,3.6317,1
-8.7863,2.6288,1
-14.225,0.49936,1
-13.914,4.6559,1
-13.424,5.8375,1
-9.3981,-2.0392,1
-8.9999,-2.1083,1
-9.4822,7.2246,1
-10.709,3.0518,1
-9.8796,2.8471,1
-13.465,5.8214,1
-14.692,-0.3575,1
-12.252,3.9568,1
-8.0273,2.2153,1
-10.601,-1.8321,1
-13.037,0.96475,1
-14.133,4.6012,1
-13.248,-0.50018,1
-11.999,-1.3363,1
-7.713,7.4319,1
-9.8278,7.0447,1
-12.408,1.2215,1
-8.9862,-2.1435,1
-9.7054,-1.9416,1
-8.6988,-2.351,1
-9.5823,2.8124,1
-11.278,-1.7093,1
-8.2415,2.3737,1
-9.4522,7.2181,1
-14.368,4.3633,1
-8.3754,2.2904,1
-10.42,1.886,1
-13.522,5.6275,1
-13.359,-0.89519,1
-12.433,1.202,1
-13.928,-0.14644,1
-7.4965,2.5244,1
-9.2845,-2.1112,1
-10.85,-1.6576,1
-10.689,-1.661,1
-11.191,6.5377,1
-8.604,7.285,1
-13.327,-0.88134,1
-11.436,6.7108,1
-12.914,1.0722,1
-11.709,-1.4967,1
-11.968,6.4974,1
-13.359,-0.56858,1
-12.686,6.0395,1
-12.886,1.2047,1
-11.049,-1.4685,1
-9.0804,7.1501,1
-10.265,1.9259,1
-12.83,1.1501,1
-14.656,-0.23301,1
-14.11,4.7457,1
-14.178,-0.41243,1
-12.558,6.1419,1
-11.773,3.391,1
-9.631,2.9666,1
-11.134,-1.6566,1
-9.4967,3.0135,1
-13.321,4.4447,1
-12.229,1.1766,1
-9.9765,2.8661,1
-8.5119,7.3953,1
-14.284,0.013268,1
-10.293,6.9801,1
-12.134,6.3924,1
-14.193,5.2077,1
-13.493,4.4824,1
-10.474,-1.9147,1
-14.04,5.0219,1
-7.561,-2.461,1
-13.94,4.8048,1
-10.12,7.0684,1
-14.305,0.56841,1
-13.443,5.1829,1
-11.574,3.4945,1
-12.026,3.7533,1
-10.503,6.8267,1
-10.832,1.9348,1
-7.9144,-2.4768,1
-11.927,1.4104,1
-13.526,4.1111,1
-11.072,6.4959,1
-9.9047,1.9088,1
-9.6452,2.1395,1
-10.78,6.9043,1
-12.116,6.3839,1
-14.261,0.32813,1
-13.271,5.6981,1
-12.589,6.0862,1
-10.545,-1.7864,1
-14.264,0.50818,1
-12.732,3.9474,1
-13.348,4.377,1
-12.92,1.103,1
-13.401,4.4442,1
-13.687,0.24294,1
-11.743,1.3555,1
-8.9554,2.455,1
-8.6346,2.1988,1
-10.738,3.161,1
-12.538,0.60927,1
-8.5034,2.419,1
-12.535,1.1341,1
-12.274,6.1592,1
-8.6297,2.123,1
-10.385,-1.8839,1
-13.725,-0.12823,1
-13.226,5.7567,1
-7.5155,2.4506,1
-11.466,1.6693,1
-7.6172,7.4104,1
-7.4859,7.3802,1
-10.305,3.1013,1
-9.6659,7.1577,1
-10.312,-1.8951,1
-13.365,0.72643,1
-13.92,0.57055,1
-11.666,-1.3195,1
-9.5788,2.3501,1
-13.49,6.0127,1
-12.718,6.3118,1
-10.04,3.0018,1
-12.145,6.1804,1
-10.532,3.1221,1
-10.393,-2.0567,1
-11.38,6.6003,1
-13.511,0.60038,1
-8.2779,2.3929,1
-12.937,6.2147,1
-14.138,5.4459,1
-13.978,4.5471,1
-13.11,6.1187,1
-13.829,4.7717,1
-13.699,0.96908,1
-13.086,5.8996,1
-11.887,3.4889,1
-10.026,3.0096,1
-13.732,-0.68431,1
-13.319,5.6443,1
-12.449,1.3301,1
-8.3952,-2.3112,1
-12.094,1.352,1
-10.13,-1.951,1
-11.199,6.635,1
-12.124,-1.0362,1
-14.145,-0.13084,1
-8.2188,7.4713,1
-13.149,3.8567,1
-10.686,1.571,1
-10.355,1.9499,1
-14.276,5.3744,1
-13.13,-1.1923,1
-14.267,-0.37164,1
-11.3,-1.7481,1
-9.2333,2.7454,1
-12.332,3.7737,1
-10.775,-1.8748,1
-14.131,0.40036,1
-12.466,6.1807,1
-13.089,-0.97329,1
-8.2788,2.5756,1
-13.549,-0.60231,1
-10.453,-1.8694,1
-9.7937,-1.9407,1
-13.18,-0.72329,1
-9.6434,-2.0473,1
-13.657,-0.27193,1
-8.4785,2.5946,1
-10.467,6.8407,1
-13.143,0.78873,1
-13.736,-0.75791,1
-13.506,-0.977,1
-11.811,-1.5434,1
-13.984,4.2754,1
-9.3744,2.0292,1
-13.604,5.0047,1
-12.845,1.0211,1
-14.3,-0.12515,1
-11.998,-1.3909,1
-13.442,0.6853,1
-8.0114,7.3411,1
-10.866,3.2812,1
-14.005,5.4632,1
-12.105,3.5876,1
-12.912,6.0248,1
-12.481,6.2978,1
-13.471,5.9602,1
-14.058,-0.5663,1
-12.501,1.3763,1
-10.654,-1.9526,1
-12.03,-1.3177,1
-11.532,6.3949,1
-13.414,4.0619,1
-8.7505,-2.3528,1
-12.268,-1.2122,1
-12.174,-1.2779,1
-13.61,4.6965,1
-11.169,-1.7265,1
-8.5534,7.2979,1
-14.747,5.0509,1
-11.848,-1.3147,1
-10.482,6.8722,1
-8.6311,2.7013,1
-13.698,0.4572,1
-13.162,5.8649,1
-14.389,0.25779,1
-8.4914,2.8953,1
-14.069,4.9712,1
-12.655,-1.2542,1
-10.958,6.6481,1
-12.149,5.77,1
-14.027,-0.47456,1
-13.436,4.2992,1
-13.334,-0.8707,1
-13.726,-0.072134,1
-13.308,0.1301,1
-13.274,0.50663,1
-12.545,6.213,1
-8.9263,2.9156,1
-12.831,0.79137,1
-8.659,-2.1929,1
-12.65,3.9857,1
-11.354,-1.7399,1
-13.613,4.9661,1
-11.969,1.3262,1
-13.465,-0.6664,1
-13.218,4.3692,1
-9.4431,-1.9826,1
-13.672,5.2214,1
-9.7483,-2.1297,1
-13.979,5.3418,1
-9.3257,7.1873,1
-12.837,6.1757,1
-10.113,2.9791,1
-9.1124,-2.2478,1
-11.25,3.5568,1
-10.726,1.7722,1
-13.523,-0.32598,1
-9.6358,-2.0951,1
-12.237,6.2377,1
-13.522,-0.34359,1
-10.166,7.0655,1
-12.498,6.3717,1
-13.635,4.7189,1
-9.9049,2.8664,1
-12.676,4.3461,1
-12.062,-1.001,1
-13.631,0.1265,1
-7.9953,-2.3022,1
-8.71,2.3126,1
-12.74,-0.67278,1
-13.367,4.2581,1
-13.904,4.708,1
-12.209,6.1479,1
-8.4903,-2.364,1
-14.165,0.27221,1
-13.247,0.54166,1
-14.231,5.3625,1
-13.584,-0.12137,1
-8.4271,2.6689,1
-13.372,0.17871,1
-12.333,3.9015,1
-8.5883,2.8519,1
-13.758,0.32275,1
-10.331,-1.9223,1
-12.882,5.2942,1
-9.369,7.0334,1
-11.507,-1.4411,1
-14.543,5.0929,1
-9.0562,2.089,1
-10.572,3.1261,1
-8.8707,7.1914,1
-14.081,-0.48008,1
-8.0215,2.441,1
-8.0924,2.7073,1
-13.956,-0.43122,1
-11.854,-1.6246,1
-14.284,5.1432,1
-10.1,3.0065,1
-11.308,3.3661,1
-8.9204,2.1094,1
-12.199,6.4139,1
-13.538,-0.62949,1
-12.257,3.8094,1
-13.839,-0.74876,1
-8.7622,-2.4134,1
-7.2026,-2.4713,1
-10.964,3.1541,1
-14.117,-0.0038738,1
-7.747,7.4328,1
-13.704,-0.44312,1
-11.058,-1.5838,1
-12.43,-1.5283,1
-9.9009,2.8829,1
-9.2488,7.1343,1
-13.878,4.922,1
-10.931,1.4959,1
-11.518,1.6107,1
-11.227,6.686,1
-12.53,-1.1872,1
-13.878,0.32249,1
-13.599,4.2511,1
-10.038,3.0296,1
-12.438,1.2488,1
-8.4751,2.3694,1
-12.922,5.4245,1
-9.3181,2.5907,1
-12.152,3.5847,1
-11.918,3.4781,1
-11.102,1.6779,1
-9.5493,6.9408,1
-13.85,5.6068,1
-10.67,6.5749,1
-8.5014,7.431,1
-14.244,0.096841,1
-13.768,5.6738,1
-14.803,-0.35324,1
-11.304,6.657,1
-12.796,-1.2518,1
-13.874,-0.41257,1
-12.275,-1.2188,1
-10.994,-1.7018,1
-13.281,-0.73418,1
-9.7837,2.916,1
-13.808,4.2318,1
-13.149,3.759,1
-13.598,4.3485,1
-14.033,5.1173,1
-9.9849,2.0637,1
-13.109,4.5902,1
-12.041,-1.3532,1
-10.894,2.9118,1
-7.5494,2.4907,1
-10.257,3.0488,1
-12.888,-1.2939,1
-12.457,1.2159,1
-13.032,5.9155,1
-11.172,6.7877,1
-12.325,3.8314,1
-13.019,-1.0351,1
-10.224,7.07,1
-13.738,-0.6077,1
-9.2566,-2.1657,1
-14.42,0.014146,1
-12.735,1.2666,1
-10.086,2.9983,1
-13.012,-0.8299,1
-14.045,-0.72737,1
-7.7668,-2.4894,1
-10.265,1.9561,1
-9.2812,-2.1861,1
-12.151,1.2443,1
-9.5222,3.1282,1
-10.636,6.6891,1
-13.208,-1.0633,1
-12.785,6.1512,1
-13.378,-0.88977,1
-9.3199,-2.203,1
-10.819,6.7916,1
-14.117,-0.25198,1
-14.82,5.1801,1
-8.7472,7.3088,1
-12.64,0.54366,1
-11.462,-1.4764,1
-9.6314,2.0728,1
-10.724,1.6327,1
-9.4199,7.1174,1
-10.004,2.0261,1
-13.59,-0.37119,1
-10.112,-1.9392,1
-13.227,5.8891,1
-13.549,5.1625,1
-12.48,3.6655,1
-13.893,0.34478,1
-12.912,-1.0465,1
-9.6437,2.0446,1
-13.879,-0.047748,1
-13.314,4.0905,1
-12.45,3.8627,1
-7.4283,7.4654,1
-11.747,1.4374,1
-8.8026,7.2981,1
-11.152,-1.536,1
-8.7246,7.2605,1
-14.117,0.4482,1
-13.324,5.5883,1
-14.077,4.9051,1
-8.3777,2.3526,1
-8.6795,-2.3561,1
-13.795,-0.40326,1
-8.9533,2.7682,1
-10.72,-1.8693,1
-10.947,1.7252,1
-12.718,-1.2502,1
-10.819,1.7265,1
-8.5495,-2.4197,1
-7.8149,2.523,1
-10.121,3.0604,1
-13.375,-0.64222,1
-12.901,5.738,1
-12.155,1.3578,1
-13.854,4.3302,1
-11.648,3.6659,1
-12.803,1.2716,1
-8.5104,2.3349,1
-13.004,-0.95442,1
-12.183,6.2695,1
-10.76,6.756,1
-10.188,2.932,1
-13.121,5.9895,1
-9.967,2.2473,1
-11.69,6.503,1
-10.016,3.1405,1
-13.49,0.8554,1
-8.6308,-2.2395,1
-14.037,4.9408,1
-12.814,0.71555,1
-9.152,2.4005,1
-13.516,-0.74671,1
-12.451,-0.85726,1
-11.301,1.7359,1
-14.047,5.082,1
-8.3109,7.416,1
-14.373,0.30098,1
-13.875,-0.12078,1
-12.592,0.73393,1
-12.494,6.0226,1
-8.9722,7.1627,1
-11.603,3.4914,1
-11.271,3.478,1
-13.508,-0.6803,1
-13.386,5.8208,1
-7.5986,7.4557,1
-14.294,0.34821,1
-12.237,-1.375,1
-9.8217,-2.0075,1
-14.653,5.1435,1
-9.9559,1.9587,1
-13.602,-0.46047,1
-12.669,1.1497,1
-12.119,-1.1266,1
-13.306,-0.35988,1
-14.018,4.8841,1
-14.7,5.1909,1
-13.224,5.7707,1
-13.092,-0.18914,1
-13.918,4.6974,1
-9.6852,-2.2005,1
-14.323,5.2274,1
-14.281,0.2145,1
-11.024,3.1332,1
-14.104,-0.26958,1
-10.353,-1.8556,1
-9.5994,2.8441,1
-9.6099,2.1617,1
-11.9,-1.3562,1
-9.4124,2.9121,1
-11.886,6.5238,1
-12.215,3.532,1
-13.301,4.459,1
-7.6315,2.4982,1
-13.686,5.6241,1
-12.579,4.2627,1
-11.278,3.2957,1
-8.581,2.9082,1
-9.7273,3.1516,1
-14.008,5.5089,1
-9.7266,3.0255,1
-10.481,-2.0241,1
-14.135,-0.0062072,1
-12.545,6.0605,1
-13.357,4.042,1
-13.564,5.4676,1
-7.2982,7.4652,1
-13.501,-0.067311,1
-8.9223,-2.2077,1
-9.9757,-1.9668,1
-10.54,1.899,1
-13.301,0.72041,1
-13.757,-0.41473,1
-12.699,3.5966,1
-13.107,0.80968,1
-8.6581,-2.1561,1
-8.9192,2.1396,1
-12.173,6.1599,1
-5.7624,-0.99334,2
-4.4899,2.7454,2
-4.0869,-1.9867,2
-7.084,0.83291,2
-6.3651,4.1852,2
-6.0426,4.0085,2
-8.1894,-0.52508,2
-5.3147,-1.2842,2
-4.0362,2.3633,2
-8.2209,-0.43893,2
-4.4039,2.0556,2
-5.0615,1.3853,2
-9.133,-4.7656,2
-5.2247,3.5154,2
-6.0841,3.9588,2
-6.9787,-0.86516,2
-7.9071,-0.41999,2
-5.8936,1.3342,2
-4.8478,-1.4526,2
-4.6749,-2.1561,2
-7.6263,4.3707,2
-5.0325,-3.1812,2
-9.5954,0.36437,2
-8.9071,-4.7287,2
-5.7235,-4.0284,2
-9.5592,0.17751,2
-4.4848,-1.9861,2
-7.1542,-4.1044,2
-8.2945,-0.21842,2
-8.8391,-0.16823,2
-5.7897,3.963,2
-3.6744,-1.9188,2
-7.0307,-4.3992,2
-7.4448,4.3287,2
-9.9176,-4.9878,2
-6.2875,-0.91995,2
-4.845,3.6815,2
-5.3345,3.5736,2
-5.8343,3.827,2
-4.768,2.6087,2
-6.6292,3.9801,2
-3.7739,-2.303,2
-8.7558,4.6542,2
-4.0325,2.7914,2
-4.049,2.4379,2
-4.3023,3.0713,2
-3.9951,2.0853,2
-4.6095,-1.8097,2
-8.5594,-4.5915,2
-7.031,-4.2344,2
-5.097,3.1212,2
-5.0887,1.3204,2
-7.7056,-0.56761,2
-4.3759,1.7806,2
-4.4561,-1.8814,2
-6.7094,0.83903,2
-5.6264,3.8698,2
-4.5947,-3.3003,2
-7.6255,-0.54065,2
-4.9074,-3.2761,2
-3.5579,2.7252,2
-7.0108,4.2339,2
-4.7366,-1.3814,2
-7.3683,-4.2997,2
-4.2154,-2.6658,2
-9.8434,-4.8558,2
-6.3455,-4.0037,2
-9.3719,4.6056,2
-5.3713,1.6021,2
-9.7726,-0.11375,2
-8.8684,0.23579,2
-4.2655,2.9314,2
-8.4549,-0.37595,2
-3.8592,2.0146,2
-4.9642,-2.348,2
-4.9821,-1.6097,2
-8.5637,0.35622,2
-8.4439,-4.6151,2
-7.699,4.4174,2
-4.026,-1.7822,2
-8.1936,-0.50179,2
-4.2389,-2.337,2
-7.7395,0.60006,2
-5.0358,3.2026,2
-4.8149,-2.1607,2
-4.8074,3.1788,2
-9.1688,0.13635,2
-3.7095,-1.8126,2
-5.9813,3.8754,2
-8.4255,4.8166,2
-9.9572,-0.04622,2
-3.879,2.4989,2
-5.0089,-1.4288,2
-5.1223,1.5516,2
-5.2872,3.6635,2
-3.9144,-2.0905,2
-5.6406,1.3654,2
-8.4121,-0.30686,2
-8.2853,-0.43261,2
-5.132,1.3852,2
-5.5698,-3.5366,2
-5.5138,1.1369,2
-4.7589,2.9328,2
-3.5496,-2.7758,2
-4.3718,3.2652,2
-8.1797,4.4626,2
-4.1993,2.5288,2
-4.8084,-3.3268,2
-4.5665,-3.1813,2
-3.8718,-2.1522,2
-6.191,4.0071,2
-4.6332,-2.2152,2
-3.9361,-2.3048,2
-4.4022,2.9118,2
-6.9271,-0.99704,2
-9.4957,4.8261,2
-4.777,1.5156,2
-8.3984,-0.4658,2
-4.3758,-2.421,2
-7.7996,4.2398,2
-4.3611,2.602,2
-5.3287,-3.9436,2
-9.661,-4.8375,2
-6.6902,0.71831,2
-9.2612,4.8318,2
-4.8194,-2.1739,2
-10.035,-0.2062,2
-3.6528,2.6185,2
-6.4701,0.93763,2
-9.4434,-0.12468,2
-3.8101,-3.0452,2
-3.3453,-2.4658,2
-4.5033,2.5959,2
-3.6958,2.621,2
-7.6331,0.36159,2
-6.0757,0.92327,2
-8.5531,-0.45757,2
-3.7541,2.2755,2
-8.5013,0.35435,2
-4.1367,-2.2934,2
-5.9001,-0.85939,2
-3.6617,2.5729,2
-6.8742,-4.1256,2
-9.0851,-4.7456,2
-9.4933,-4.7973,2
-9.5412,-4.8375,2
-9.2591,-0.27208,2
-6.3882,4.1296,2
-6.6196,-4.045,2
-4.4193,-3.4715,2
-5.2114,-3.547,2
-6.8448,4.255,2
-4.6605,-3.3168,2
-4.1008,-1.9533,2
-7.4428,4.3021,2
-4.0532,-1.9477,2
-4.4171,-1.868,2
-9.1335,-4.6117,2
-3.9127,2.2514,2
-6.2954,-1.0253,2
-8.8228,0.28548,2
-4.2882,-2.9228,2
-5.344,-3.8295,2
-6.5327,-3.9101,2
-7.3059,-0.62324,2
-7.2951,-4.394,2
-4.306,-2.8561,2
-4.2977,-1.8861,2
-5.1702,1.4143,2
-7.8792,0.51775,2
-4.0732,2.0927,2
-4.2347,-1.8037,2
-3.7166,-2.8989,2
-10.217,-4.9385,2
-6.5641,-0.98908,2
-4.0973,-2.3454,2
-5.2778,3.435,2
-8.8997,4.8853,2
-5.8056,-3.821,2
-5.5833,-1.377,2
-4.4204,2.3539,2
-4.7902,-1.7055,2
-6.6733,1.0335,2
-8.1322,-0.37021,2
-4.8947,-3.1323,2
-5.1081,-1.5524,2
-4.9869,-3.3014,2
-4.1344,2.366,2
-3.7114,-2.3737,2
-10.039,4.9259,2
-4.3258,1.8633,2
-5.5016,-3.7814,2
-4.1997,2.5789,2
-3.8185,-2.9451,2
-5.0585,1.3432,2
-4.9784,3.7058,2
-4.7279,1.6903,2
-5.9876,-1.017,2
-6.8512,0.76411,2
-3.7718,-1.9263,2
-3.7281,1.9749,2
-4.1325,-2.3038,2
-3.832,2.5636,2
-7.0751,4.2326,2
-4.0299,3.299,2
-8.1207,0.42636,2
-9.9686,0.028376,2
-4.7032,-1.4889,2
-4.8416,-1.4839,2
-8.2337,-4.5846,2
-6.5694,-4.2263,2
-6.26,-1.3078,2
-8.305,-0.39938,2
-4.8459,-3.3004,2
-7.3902,-4.4754,2
-5.0828,1.4222,2
-3.6594,2.3621,2
-4.9418,3.5481,2
-4.8176,-3.446,2
-7.5602,0.59105,2
-4.9098,1.8305,2
-3.9687,-2.9008,2
-5.5714,1.2388,2
-5.5622,3.6604,2
-3.8489,2.5116,2
-7.5018,-4.428,2
-8.5933,0.54331,2
-8.7992,4.7902,2
-5.0543,-1.5352,2
-4.7823,-1.6511,2
-6.3893,-0.65742,2
-7.2473,4.2934,2
-7.5286,0.58553,2
-4.2637,-2.0827,2
-9.81,0.0079964,2
-5.4934,-1.3363,2
-6.0909,-1.1014,2
-5.32,-1.5484,2
-4.754,3.4727,2
-5.2853,-1.5103,2
-3.9631,-1.9066,2
-6.7414,-4.1731,2
-7.6461,4.4298,2
-6.2904,0.89146,2
-6.6993,3.9747,2
-7.9508,4.6097,2
-9.4931,0.083855,2
-7.9699,-4.4902,2
-5.3944,1.3835,2
-6.7518,-1.0122,2
-7.5199,0.59381,2
-4.3089,3.1908,2
-4.8743,1.8391,2
-6.2419,3.7415,2
-7.8807,-4.5814,2
-3.6554,-3.3382,2
-4.4702,-3.1061,2
-9.3839,0.1456,2
-7.1051,-0.78285,2
-4.2639,2.8492,2
-9.2488,-0.26645,2
-9.6026,0.046533,2
-6.1437,1.3369,2
-4.3168,1.8689,2
-9.3157,0.37083,2
-3.8784,-2.5704,2
-7.9304,4.6248,2
-4.4608,-1.6777,2
-3.6879,2.6626,2
-6.3702,0.87148,2
-8.7976,0.29166,2
-6.7523,-4.2342,2
-6.6512,4.1237,2
-5.188,1.249,2
-3.6101,2.8518,2
-8.2089,0.40834,2
-3.9385,2.5844,2
-4.8395,1.693,2
-4.4895,-2.9227,2
-5.0251,-3.2482,2
-7.3195,-4.2381,2
-3.6673,2.4395,2
-7.7424,-4.354,2
-5.7733,-1.0516,2
-8.5909,4.7281,2
-4.1474,-2.885,2
-5.998,3.8285,2
-7.7011,4.3651,2
-6.9393,4.4869,2
-3.987,2.395,2
-6.9504,-0.54915,2
-4.1356,-3.4775,2
-7.1419,0.99598,2
-8.5062,-0.26506,2
-6.7943,-4.0313,2
-9.4192,-4.8569,2
-6.1895,-4.0584,2
-6.134,3.7344,2
-3.4808,2.1544,2
-4.3283,-3.0145,2
-6.9797,4.1527,2
-9.0768,0.27053,2
-4.1767,1.84,2
-3.7952,3.1998,2
-3.4313,2.2778,2
-9.2317,0.24939,2
-3.2555,2.2171,2
-4.523,1.6949,2
-10.985,4.958,2
-8.5174,-4.7035,2
-9.6519,-0.078576,2
-4.5534,-1.7542,2
-3.512,-2.3801,2
-9.7115,4.8778,2
-5.3981,-1.2992,2
-4.0965,-2.9699,2
-6.5061,-0.8516,2
-3.7221,2.5751,2
-5.739,3.9616,2
-7.0262,-4.092,2
-5.4586,3.6007,2
-8.7707,-0.22577,2
-6.8085,0.99103,2
-4.4701,-3.0488,2
-5.799,3.6929,2
-7.9284,4.3735,2
-4.7991,-1.8338,2
-5.2582,-3.5845,2
-8.4292,4.6525,2
-6.5206,-1.0463,2
-5.8405,1.1726,2
-9.9509,-0.025162,2
-4.3359,-3.2155,2
-5.0244,3.1603,2
-5.0412,1.8544,2
-3.8799,-2.9837,2
-4.0048,2.8152,2
-4.0467,-2.9708,2
-3.871,-2.2864,2
-6.1567,3.8464,2
-5.7293,-1.4385,2
-8.066,-0.4756,2
-7.3681,0.74634,2
-5.955,-1.2513,2
-4.885,2.7892,2
-6.4541,3.9702,2
-5.9547,1.0944,2
-4.0686,2.2276,2
-5.4999,3.7094,2
-4.0797,2.7625,2
-9.353,-4.7822,2
-8.1367,-4.6006,2
-7.7478,0.52551,2
-3.9293,-2.1601,2
-7.9824,4.5364,2
-4.2057,2.0988,2
-4.8588,3.3764,2
-8.2389,4.4455,2
-3.0762,2.1023,2
-4.7837,-3.4972,2
-6.878,0.82011,2
-4.4679,1.9287,2
-5.0002,2.1212,2
-4.3062,-2.0751,2
-5.6224,-1.1487,2
-5.2067,3.4297,2
-8.94,4.554,2
-3.7934,1.788,2
-7.7301,4.1486,2
-6.477,-0.99507,2
-5.8043,1.4558,2
-8.8721,4.665,2
-4.0609,-2.0991,2
-5.3848,-1.2735,2
-5.8889,-4.0265,2
-5.074,-3.5348,2
-7.2666,0.85949,2
-4.9404,3.3973,2
-4.0916,-2.3892,2
-4.2018,-2.7171,2
-9.8094,0.16912,2
-4.5963,1.3557,2
-3.6719,-2.1521,2
-8.5554,0.55176,2
-6.9184,-0.77549,2
-6.1787,3.6576,2
-4.5317,-3.4801,2
-6.0924,1.3283,2
-3.8279,-2.7652,2
-4.6501,1.7871,2
-4.2534,2.6969,2
-9.2829,-0.24538,2
-9.2957,4.5947,2
-7.7821,-4.3136,2
-5.7025,-1.3686,2
-5.2434,-1.395,2
-8.1953,4.4594,2
-7.7468,-4.5508,2
-5.7103,1.2444,2
-7.2678,-4.5796,2
-4.9296,3.5317,2
-4.3498,1.8852,2
-7.5986,0.67123,2
-4.1197,2.2091,2
-10.324,0.015769,2
-5.0429,1.6874,2
-5.0189,-1.4283,2
-3.7759,2.2584,2
-4.6654,3.4031,2
-4.4581,-2.0835,2
-7.5367,0.4032,2
-8.7894,0.42524,2
-5.6637,3.7293,2
-9.0171,4.8058,2
-9.3793,4.8271,2
-5.5781,1.4267,2
-5.0801,-3.4592,2
-6.176,3.703,2
-3.8748,-2.8692,2
-5.9067,4.2641,2
-5.9976,0.94415,2
-9.3862,-0.28605,2
-3.9303,-1.9604,2
-3.9451,2.2612,2
-5.2508,-1.2939,2
-8.278,-4.7009,2
-10.468,4.916,2
-8.0864,-0.44304,2
-4.958,2.0212,2
-5.9527,-1.0378,2
-4.5183,-3.0881,2
-5.8458,-1.2287,2
-4.3536,-2.8853,2
-4.4096,-2.3729,2
-6.7938,4.182,2
-4.2477,2.4321,2
-8.0165,-4.4689,2
-5.045,-1.5474,2
-7.2947,-4.1865,2
-9.9513,0.40273,2
-9.2227,-4.8538,2
-4.3365,-2.7325,2
-9.0504,-0.14436,2
-6.2844,4.1062,2
-4.9723,-1.457,2
-10.211,4.9831,2
-3.653,-2.2781,2
-5.1841,-3.4124,2
-3.7682,-2.8159,2
-9.5636,-4.9107,2
-8.4395,4.657,2
-8.1732,4.6009,2
-8.5095,4.7509,2
-3.1934,-2.4921,2
-4.3668,3.0276,2
-3.7047,2.4532,2
-5.1463,-1.3628,2
-4.9806,1.8672,2
-10.462,4.9082,2
-5.1596,3.5087,2
-6.6584,-0.85461,2
-3.8892,-2.4523,2
-4.4249,2.7291,2
-5.5697,1.3185,2
-8.0412,4.3324,2
-8.9136,-4.6225,2
-6.3549,3.9746,2
-8.4739,-4.559,2
-5.5173,-1.147,2
-6.8432,4.1266,2
-5.1121,-3.4595,2
-3.9681,-3.0029,2
-6.635,-1.1688,2
-6.5621,4.2895,2
-5.0874,3.5514,2
-3.7721,-2.5657,2
-7.1197,0.72776,2
-4.6083,2.8941,2
-4.5225,1.7798,2
-4.246,-2.3787,2
-8.5171,-4.6385,2
-4.248,-2.0354,2
-9.6406,-0.16032,2
-6.5209,1.0252,2
-4.9497,3.0249,2
-8.8878,4.7,2
-6.7933,0.70878,2
-5.7909,3.8519,2
-10.459,4.9957,2
-10.003,-0.10507,2
-4.6961,-2.9385,2
-5.5914,1.7444,2
-3.7804,-2.0679,2
-4.253,-3.0797,2
-5.4619,-1.3451,2
-4.2858,-3.6362,2
-6.3047,-3.8661,2
-4.1596,2.0964,2
-7.0787,4.1069,2
-9.7188,-0.081761,2
-7.3865,-4.3412,2
-9.1058,-0.10755,2
-3.6369,-2.5249,2
-4.7099,3.1366,2
-6.9157,4.2502,2
-6.3942,-1.0274,2
-7.9582,-4.7157,2
-4.2245,-1.5432,2
-6.7133,-4.2303,2
-4.5539,1.8842,2
-4.7256,3.4814,2
-6.7986,-3.9187,2
-5.4178,3.4773,2
-4.5672,1.7253,2
-5.3491,-3.6675,2
-6.0048,-4.0544,2
-4.8677,-3.7201,2
-4.9605,-1.5424,2
-4.5701,-1.9294,2
-4.2505,-1.6114,2
-3.7102,2.206,2
-8.9324,-0.088464,2
-3.9407,-3.1963,2
-4.9495,1.5149,2
-7.6696,0.59448,2
-3.9475,2.2406,2
-4.9559,1.5912,2
-8.9103,4.6626,2
-9.0907,-4.8868,2
-3.9496,-2.929,2
-4.3326,2.923,2
-3.9328,-2.238,2
-9.6338,-0.0205,2
-4.2055,2.5272,2
-7.4927,0.56461,2
-5.0267,3.2306,2
-5.2372,3.9042,2
-4.8865,1.9642,2
-5.167,3.4443,2
-4.3604,-1.6773,2
-4.6697,-3.123,2
-9.2012,4.8187,2
-5.9788,3.7718,2
-10.633,-4.9704,2
-5.1139,1.9013,2
-9.2028,-4.8188,2
-7.5599,-4.5898,2
-4.4274,-2.0422,2
-3.6793,2.1545,2
-3.5702,2.3091,2
-8.5331,4.516,2
-6.3922,-3.8762,2
-5.2586,1.4349,2
-8.3121,-4.6069,2
-3.5048,-2.742,2
-4.7753,-1.7003,2
-5.3583,3.7666,2
-5.5369,-3.9639,2
-3.5708,-2.2619,2
-8.4237,-0.51672,2
-5.36,-3.7719,2
-3.4841,-2.3496,2
-6.0522,4.1231,2
-3.831,-2.353,2
-5.567,3.7252,2
-8.1604,-0.49893,2
-4.7148,-3.3646,2
-4.961,-1.6704,2
-6.3865,4.2247,2
-6.5752,4.0939,2
-4.5957,2.2426,2
-6.3186,-3.9143,2
-4.5059,-3.3531,2
-4.9031,-1.4686,2
-7.2274,-4.1966,2
-6.202,1.1229,2
-5.9231,-3.8717,2
-9.8531,-0.19574,2
-4.7839,2.0114,2
-3.3913,-2.56,2
-4.0885,-2.1613,2
-6.5252,1.0015,2
-3.9707,2.5884,2
-6.6361,0.89524,2
-9.7306,-0.14557,2
-4.9849,3.1322,2
-5.3029,-3.4726,2
-9.9382,-4.7102,2
-4.3486,3.057,2
-6.3604,4.052,2
-6.3389,3.9439,2
-5.1723,3.7307,2
-7.9079,4.4655,2
-8.0957,-4.5002,2
-4.0323,-2.6084,2
-4.0397,-2.3833,2
-4.6859,-1.7005,2
-6.382,3.8096,2
-5.6636,-1.2384,2
-7.8859,-0.51831,2
-6.0516,0.91482,2
-5.264,3.472,2
-6.4248,0.9323,2
-8.4107,-0.46512,2
-9.9061,-0.08928,2
-7.7666,-0.48977,2
-8.9269,4.6811,2
-3.7863,2.8394,2
-4.2027,-2.1666,2
-7.9217,4.4219,2
-5.3405,3.8309,2
-6.3463,0.73359,2
-5.0676,3.6258,2
-6.0072,4.0726,2
-7.6539,-4.4082,2
-6.2314,0.76447,2
-5.8737,-3.7943,2
-10.25,-0.080965,2
-7.2677,-0.62859,2
-5.0943,3.0859,2
-4.1668,-3.0385,2
-6.8198,-4.2961,2
-3.9608,2.7275,2
-5.4048,3.7898,2
-9.6508,-4.9414,2
-5.1629,1.4092,2
-6.4487,-1.0654,2
-3.8493,2.3895,2
-6.9816,-0.78072,2
-6.1625,1.0196,2
-5.2948,3.7657,2
-6.9186,0.71108,2
-5.4668,-3.9175,2
-6.0149,3.8071,2
-9.996,-4.9179,2
-9.1239,4.7244,2
-6.9683,4.2241,2
-4.7792,3.2931,2
-8.4075,-4.6131,2
-7.7993,0.63997,2
-5.6309,-3.8069,2
-3.5908,-2.4431,2
-5.0224,-1.6563,2
-10.285,-0.13501,2
-9.2129,4.5642,2
-4.9389,3.4263,2
-4.4549,2.0165,2
-5.4246,-1.4679,2
-3.9637,2.6825,2
-3.9221,2.427,2
-6.5378,-0.93412,2
-4.2798,2.7743,2
-4.8932,2.8215,2
-9.7887,-0.16337,2
-7.4793,-4.5054,2
-5.2803,1.5366,2
-5.1467,-1.5543,2
-5.8574,1.141,2
-5.1651,3.3985,2
-7.8513,4.2746,2
-4.8861,-1.7789,2
-10.139,-4.9243,2
-6.4541,-1.1175,2
-6.8998,4.1762,2
-8.7399,-4.7037,2
-4.1489,2.3298,2
-8.2706,-4.5913,2
-6.6581,4.1188,2
-7.3104,-0.70699,2
-7.3572,4.2032,2
-5.1013,3.5414,2
-6.318,-0.97429,2
-7.863,-0.45928,2
-5.188,-3.9024,2
-7.8515,-0.58052,2
-4.7807,3.4232,2
-4.6571,-1.6192,2
-4.3145,-1.5873,2
-7.5936,-0.48998,2
-7.9203,-4.5013,2
-9.6503,4.73,2
-4.2198,-3.5269,2
-4.4481,-1.9774,2
-4.3972,-3.3246,2
-3.8365,2.9186,2
-6.1474,-0.996,2
-4.5167,-1.6917,2
-3.9999,-2.0377,2
-4.6423,-3.5407,2
-3.3882,-2.992,2
-3.9302,-2.4566,2
-3.8326,1.7673,2
-6.4206,0.87166,2
-8.9877,4.8055,2
-4.9464,-3.7847,2
-10.143,-0.098986,2
-6.5897,-4.1301,2
-9.436,-0.17504,2
-7.5333,4.2871,2
-9.1966,4.8497,2
-10.157,-4.8159,2
-4.9704,-1.6296,2
-9.9705,0.078641,2
-4.7081,1.8262,2
-8.1481,-0.62322,2
-6.0531,-0.97585,2
-5.8944,-4.0003,2
-4.0924,2.0689,2
-4.3147,-3.2093,2
-9.2859,-4.7945,2
-8.9695,4.6441,2
-6.7192,0.82948,2
-4.0488,2.3807,2
-4.6009,1.5942,2
-6.0799,1.1499,2
-5.8951,1.2701,2
-6.184,-0.96647,2
-5.2831,1.5299,2
-8.957,4.7144,2
-5.0797,-1.6379,2
-6.664,4.0124,2
-4.8078,-2.1954,2
-5.5718,-1.3061,2
-6.8454,-0.88499,2
-5.6626,-1.0532,2
-4.0518,2.2762,2
-9.9442,-4.7373,2
-9.9662,-0.082996,2
-4.2257,2.6781,2
-3.9832,2.9031,2
-3.4567,2.5159,2
-6.4995,4.0954,2
-5.2755,3.3091,2
-6.3953,-1.2364,2
-6.6911,3.8236,2
-4.4438,-3.0082,2
-4.1626,2.0113,2
-4.9204,1.6557,2
-5.0368,1.4012,2
-3.597,2.2597,2
-5.9386,-3.5691,2
-4.5537,3.1664,2
-5.5184,-1.1452,2
-7.1196,4.1471,2
-7.2776,0.6552,2
-5.2661,1.421,2
-3.5898,2.9106,2
-6.3931,3.6484,2
-9.5101,0.21573,2
-8.0691,0.59889,2
-8.3709,0.58047,2
-5.2477,-3.7513,2
-7.2049,-0.84292,2
-5.574,-1.1045,2
-6.6783,3.9949,2
-4.7688,-2.7484,2
-4.8763,-1.4231,2
-4.484,-2.6509,2
-9.597,0.12329,2
-6.8354,1.0823,2
-3.6943,1.9976,2
-7.1251,-0.57879,2
-4.3984,-2.5372,2
-8.073,0.45652,2
-5.5347,-1.484,2
-4.0392,-2.8115,2
-4.7107,3.4196,2
-7.6334,4.3681,2
-6.74,-4.2879,2
-4.3293,-2.9325,2
-7.656,-0.50412,2
-3.5778,-2.2918,2
-4.5755,1.9658,2
-8.7589,-0.24937,2
-4.7056,1.4236,2
-6.6224,0.95567,2
-7.2582,0.93924,2
-9.6258,-0.18319,2
-6.1744,0.95488,2
-4.4166,1.867,2
-3.2804,-2.1899,2
-5.3344,-3.9868,2
-7.9235,4.3943,2
-8.9258,4.7515,2
-5.6984,3.6438,2
-4.8663,3.3381,2
-9.9656,-0.025218,2
-4.6531,3.142,2
-7.8463,4.2942,2
-3.6308,-3.071,2
-4.161,-2.2604,2
-9.011,0.30332,2
-4.109,2.2285,2
-5.8651,-0.91824,2
-3.8346,2.8051,2
-6.7538,4.3059,2
-3.7604,2.6088,2
-3.8006,-2.9347,2
-6.779,0.94432,2
-4.016,3.0704,2
-7.0766,4.2802,2
-3.9728,-2.9486,2
-6.8731,-4.3128,2
-3.4933,2.0758,2
-9.3989,-0.12011,2
-3.9765,1.8791,2
-3.9687,2.4962,2
-4.1399,-1.6904,2
-9.6149,4.7929,2
-3.2836,-2.4524,2
-3.7471,2.8434,2
-4.4989,3.2047,2
-3.9521,-2.444,2
-9.6548,0.1212,2
-7.1318,4.2548,2
-3.4428,1.8078,2
-10.463,-4.9529,2
-3.5941,2.7682,2
-6.7904,-0.75908,2
-6.8174,-0.68863,2
-6.9038,-0.82485,2
-6.8082,0.76152,2
-4.7833,-3.2343,2
-7.3665,-0.89048,2
-9.4054,4.782,2
-9.2616,-0.24953,2
-8.5904,-4.5273,2
-5.3798,1.1869,2
-6.2128,-1.1657,2
-6.971,-4.2144,2
-5.922,-3.7159,2
-5.0777,-3.2456,2
-3.837,2.9502,2
-9.7521,-0.10011,2
-8.7592,0.30837,2
-3.9625,-2.2852,2
-7.2798,-0.54511,2
-7.453,4.3297,2
-7.2952,-0.59235,2
-4.7753,-3.4663,2
-6.2328,-4.0133,2
-4.0633,-2.2781,2
-5.2161,3.7969,2
-9.0332,0.35057,2
-4.9282,3.6249,2
-7.9901,-0.54796,2
-5.976,-3.6071,2
-5.803,4.0037,2
-4.1953,3.0819,2
-5.9809,-3.9812,2
-6.8199,-0.73326,2
-6.4976,1.017,2
-9.0135,-4.7446,2
-9.754,-4.862,2
-4.335,2.085,2
-8.0726,4.5288,2
-3.851,-2.3207,2
-8.6504,-0.32674,2
-3.2678,2.9199,2
-6.1351,-3.9193,2
-4.9889,1.5057,2
-4.1675,1.7876,2
-4.3048,2.5968,2
-4.156,2.843,2
-9.0982,-0.26444,2
-7.0964,4.4712,2
-4.868,1.8232,2
-6.0889,0.95136,2
-4.4364,-1.7184,2
-5.678,3.9557,2
-6.2299,1.0024,2
-4.5801,2.0683,2
-4.9569,-1.4629,2
-9.7705,4.9188,2
-9.94,4.979,2
-6.1172,-3.8655,2
-8.0207,-0.83235,2
-4.7143,-1.9825,2
-3.9774,-2.706,2
-4.7484,2.5369,2
-3.8789,2.2063,2
-4.8921,1.6701,2
-4.6023,1.4926,2
-4.2855,1.7962,2
-9.472,-0.14099,2
-4.037,-2.5245,2
-9.692,-4.9417,2
-5.9877,-3.8334,2
-6.9054,-0.76994,2
-4.9625,2.2415,2
-5.2234,-3.5785,2
-6.2907,0.822,2
-8.4171,4.6774,2
-5.0149,-3.7888,2
-5.8068,-3.6878,2
-5.5039,-3.7506,2
-6.209,-0.94819,2
-9.4207,-4.6657,2
-4.2744,1.9689,2
-6.9932,-4.1224,2
-5.1456,-3.4288,2
-8.4146,-4.7016,2
-5.9791,4.0134,2
-4.3613,-2.7291,2
-4.6576,1.7101,2
-4.0349,2.988,2
-3.2231,2.7686,2
-4.0905,1.9351,2
-9.5284,-4.8576,2
-4.9454,1.506,2
-7.1191,0.47898,2
-7.2621,-0.72628,2
-6.7393,-4.1973,2
-5.4624,3.8896,2
-4.6083,3.3361,2
-4.7773,-1.8239,2
-6.3733,0.91337,2
-9.4064,0.010864,2
-5.1742,3.3035,2
-4.0966,-2.9241,2
-8.2529,-4.4997,2
-4.0299,2.6202,2
-8.0114,0.6168,2
-4.569,-3.0488,2
-4.9615,3.5457,2
-5.4075,-3.6581,2
-7.5389,0.45491,2
-6.1414,4.2146,2
-5.664,4.141,2
-4.9789,3.4033,2
-5.1248,1.6087,2
-4.5522,1.985,2
-7.3241,-0.48724,2
-3.973,-2.9411,2
-4.0354,3.4239,2
-4.5783,1.6632,2
-4.8943,3.3832,2
-5.1408,1.3517,2
-3.9601,-2.219,2
-7.0951,0.75769,2
-5.721,-1.2507,2
-9.2189,4.8192,2
-7.0279,0.58768,2
-8.0168,4.1787,2
-6.2332,1.1068,2
-4.5716,-1.8439,2
-8.8854,-4.5162,2
-8.3951,-4.8014,2
-4.4935,-1.7047,2
-5.1065,-3.3816,2
-4.7068,-2.4291,2
-6.8188,-4.225,2
-4.5235,1.9209,2
-4.1043,1.9573,2
-7.7949,0.53926,2
-5.5424,1.449,2
-4.7935,-3.2277,2
-4.0309,-2.7504,2
-4.4153,3.0721,2
-9.9074,4.8699,2
-5.9591,1.4312,2
-4.5047,-1.9008,2
-5.6312,1.0675,2
-4.1893,-3.0578,2
-4.1865,-2.5204,2
-3.6565,2.2584,2
-8.446,-4.4964,2
-5.9125,-1.1021,2
-4.2968,3.3575,2
-6.0632,-0.9097,2
-7.9999,0.54074,2
-10.247,-0.017214,2
-4.231,-2.37,2
-5.5565,3.6143,2
-4.7184,-3.0942,2
-2.9842,-2.3847,2
-9.243,4.8088,2
-7.6769,-0.57645,2
-3.9937,3.4113,2
-4.6677,1.665,2
-6.2262,3.8912,2
-4.5962,2.9952,2
-4.6093,-1.3359,2
-4.2098,-2.5932,2
-6.2088,1.0625,2
-9.6177,4.744,2
-6.3481,-4.098,2
-4.975,2.9749,2
-8.6039,-4.6021,2
-7.0944,4.4377,2
-4.2952,2.5622,2
-4.3867,-1.8914,2
-4.7315,3.5287,2
-9.5871,-0.072287,2
-8.7495,0.54241,2
-4.7931,-1.4663,2
-4.6214,-2.9842,2
-5.4089,-1.5409,2
-5.7986,-1.4503,2
-5.3135,3.3907,2
-9.2838,-4.8267,2
-4.6633,1.3074,2
-5.786,3.6809,2
-7.833,0.49312,2
-8.8673,-0.27706,2
-3.7794,2.4171,2
-6.6463,-4.138,2
-4.8909,-2.9128,2
-4.5489,-1.8393,2
-4.9713,-2.2823,2
-5.7048,-3.9963,2
-10.048,0.0069771,2
-4.7465,3.2088,2
-5.8385,1.2094,2
-6.2932,4.0471,2
-6.9178,4.1638,2
-5.8902,-1.2181,2
-4.5727,-2.488,2
-3.8496,-2.606,2
-8.3728,0.44741,2
-5.4298,3.9286,2
-7.9811,0.62863,2
-3.7,-2.7458,2
-9.5941,4.9087,2
-10.02,-0.12058,2
-5.3665,3.8449,2
-6.93,-4.1172,2
-9.9242,-4.9511,2
-4.7732,3.6025,2
-4.1033,2.9982,2
-5.2023,-3.7389,2
-7.3846,-4.3036,2
-4.1538,2.8791,2
-8.9928,-0.24124,2
-9.4044,4.9042,2
-4.9837,-1.3196,2
-9.3152,-4.7834,2
-5.4439,3.693,2
-5.3416,3.8075,2
-9.1744,-4.8036,2
-5.8951,1.0549,2
-7.2505,4.3744,2
-3.2766,-2.176,2
-7.5296,-4.3831,2
-6.3741,-0.91267,2
-4.652,3.3639,2
-4.1271,-2.2856,2
-4.0044,3.3701,2
-5.1023,-3.4366,2
-3.7987,2.4477,2
-4.9762,1.6141,2
-3.911,2.1598,2
-4.3044,-3.2494,2
-5.6756,3.5547,2
-4.8414,-3.4577,2
-4.6451,2.6427,2
-5.5273,1.3061,2
-6.9979,0.61346,2
-4.4156,-2.4791,2
-7.0108,-0.81188,2
-5.8373,-3.886,2
-7.2234,0.77207,2
-4.8249,2.7819,2
-5.5291,-3.666,2
-4.1141,2.8892,2
-5.072,3.3074,2
-5.795,-1.0835,2
-6.1196,-1.011,2
-3.415,2.5584,2
-9.8748,4.9211,2
-4.4186,-3.0866,2
-4.9194,-3.1641,2
-4.654,-3.2197,2
-5.3753,-3.7229,2
-5.5847,1.0705,2
-4.9984,-1.4285,2
-3.8787,-3.0809,2
-4.1108,-2.4607,2
-5.1619,-1.4415,2
-4.7901,1.3547,2
-5.4335,-3.6944,2
-4.9053,1.6147,2
-5.5948,-3.3788,2
-8.2291,0.61631,2
-3.6601,2.8248,2
-4.3899,2.544,2
-4.421,2.0456,2
-6.7905,0.90782,2
-5.8665,-3.8938,2
-8.8848,-0.34914,2
-4.004,-2.1425,2
-4.2606,-2.6493,2
-4.2199,-2.3438,2
-6.2803,0.85455,2
-5.4068,-1.4166,2
-5.1968,1.5857,2
-4.898,-1.5027,2
-3.3733,2.4445,2
-3.4928,-2.7861,2
-4.4123,3.3949,2
-4.0066,3.1695,2
-8.8385,-0.25662,2
-6.3619,-3.9748,2
-4.7266,-1.5905,2
-8.0568,0.7732,2
-4.5611,-3.4453,2
-5.7386,3.6726,2
-3.8165,2.5194,2
-4.1554,2.9856,2
-5.5915,3.9254,2
-4.5908,-2.2688,2
-4.1174,2.0929,2
-4.2042,1.5879,2
-4.103,3.1721,2
-6.6465,4.2203,2
-4.023,2.608,2
-6.8816,4.1506,2
-4.6513,-2.3056,2
-4.4875,-2.6506,2
-4.7807,1.5098,2
-7.4719,-0.77962,2
-7.2128,0.80978,2
-4.213,2.9945,2
-5.3111,-3.618,2
-10.871,4.9989,2
-4.3823,-2.2053,2
-4.9389,-3.4229,2
-6.715,0.85601,2
-4.3051,1.8824,2
-5.9728,1.1383,2
-8.1599,4.4391,2
-5.2442,-1.6366,2
-6.6495,0.78697,2
-4.9771,3.2612,2
-4.1152,2.736,2
-10.657,-4.9591,2
-5.0897,-1.616,2
-4.2556,-2.005,2
-5.5191,4.2291,2
-3.8177,1.6872,2
-7.6801,4.4208,2
-4.8193,1.6286,2
-5.2625,-1.7882,2
-8.1323,-4.3737,2
-6.2691,-3.7487,2
-5.3571,3.6091,2
-4.1579,-2.827,2
-4.1746,1.6957,2
-5.9464,-3.9574,2
-4.0329,1.9468,2
-8.4336,-0.34771,2
-4.3402,-2.0767,2
-6.2754,3.9534,2
-4.9337,1.3543,2
-6.8826,0.58242,2
-9.4864,-4.9891,2
-4.1806,2.2689,2
-8.3337,0.51969,2
-4.1422,2.5234,2
-5.9704,3.7965,2
-4.9023,3.1999,2
-3.9162,-2.2018,2
-4.244,-3.1093,2
-8.1774,4.604,2
-6.5554,-0.88603,2
-5.0599,1.3947,2
-5.9855,-0.8216,2
-9.5996,-0.24195,2
-5.1539,3.7131,2
-7.3737,4.3572,2
-4.678,3.5816,2
-5.1338,-3.172,2
-7.5486,-0.43807,2
-4.3993,-3.1754,2
-4.663,-3.1712,2
-5.4168,1.2257,2
-7.731,-0.44224,2
-7.9178,-0.50085,2
-9.7544,0.15197,2
-8.5151,4.5891,2
-7.163,-4.3707,2
-4.2025,2.3165,2
-8.0582,4.5087,2
-3.9625,2.5908,2
-8.6978,0.30264,2
-4.7775,3.3561,2
-6.0255,-1.1162,2
-6.3538,-0.91948,2
-10.075,0.076865,2
-6.8196,0.83062,2
-7.9048,0.70143,2
-5.7956,-3.711,2
-6.762,-0.86142,2
-7.7844,-4.467,2
-5.0252,-1.5933,2
-8.8736,4.6139,2
-6.3715,-0.95846,2
-7.2226,-4.2934,2
-4.7801,1.529,2
-4.5276,3.7152,2
-9.2197,0.06267,2
-4.7931,-3.7538,2
-3.9877,2.3653,2
-4.1573,1.7874,2
-8.4399,4.5876,2
-8.0001,0.68921,2
-5.2086,3.4462,2
-8.3463,-4.7164,2
-6.4855,-4.1427,2
-8.2738,-0.57034,2
-3.8696,3.1429,2
-4.5906,-3.0504,2
-5.2779,1.4921,2
-5.2915,-1.4673,2
-5.1534,3.8143,2
-4.5838,-1.8709,2
-7.2265,4.1919,2
-6.7179,4.0155,2
-6.4462,-0.78616,2
-5.0409,2.3846,2
-9.1679,0.25248,2
-5.3142,-1.189,2
-6.0826,-0.96677,2
-4.5389,-3.0953,2
-4.4805,-2.5433,2
-9.2292,0.18812,2
-9.7269,-4.9239,2
-3.8666,-1.8547,2
-4.203,-2.2421,2
-5.8327,-1.2811,2
-3.8131,-2.1188,2
-4.5636,-1.9271,2
-4.0447,-1.8008,2
-6.4988,4.165,2
-4.317,2.4572,2
-4.9266,-1.3316,2
-7.7957,-4.3592,2
-9.6009,-0.24683,2
-4.1533,-2.5863,2
-7.9158,0.31947,2
-8.659,0.35335,2
-9.2487,4.6443,2
-5.4468,3.7662,2
-5.4413,3.6411,2
-9.5282,0.23208,2
-9.0368,-0.28396,2
-7.7121,0.47088,2
-6.5125,0.88217,2
-9.2253,0.19239,2
-4.1114,-2.9822,2
